c PicoSAT SAT Solver Version 960
c Copyright (c) 2006 - 2014 Armin Biere JKU Linz
c gcc -Wall -Wextra -DNDEBUG -O3
c
c using 2 as default phase
c
c parsing vars-300-9.cnf
c parsed header 'p cnf 300 1275'
c initialized 300 variables
c found 1275 non trivial clauses
c
c random number generator seed 0
c 
c  seconds     variables   original    learned     agility
c         level        used      conflicts    limit          MB
c 
c s   0.0   0.0   300   0.0  1275     0     0     0   0.0   0.1 
c 
c initial reduction limit 1000 clauses
c 
c +   0.0  28.9   300  80.7  1275   100   100  1100  12.5   0.1 
c R   0.0  28.9   300  80.7  1275   101   101  1100  12.7   0.1 
c +   0.0  23.2   300  92.7  1275   221   220  1210  19.0   0.1 
c +   0.0  21.5   300  98.0  1275   367   366  1331  26.0   0.2 
c N   0.0  21.1   300  98.3  1275   401   400  1331  26.7   0.2 
c +   0.0  19.7   300  99.7  1275   543   542  1464  27.1   0.2 
c +   0.0  19.2   300 100.0  1275   755   754  1610  28.5   0.2 
c +   0.0  18.3   300 100.0  1275  1011  1010  1771  29.4   0.3 
c N   0.0  17.9   300 100.0  1275  1203  1202  1771  29.2   0.3 
c +   0.0  17.6   300 100.0  1275  1320  1319  1948  30.0   0.3 
c +   0.0  17.0   300 100.0  1275  1693  1692  2142  30.0   0.4 
c +   0.0  16.8   300 100.0  1275  2144  2143  2356  28.0   0.5 
c +   0.0  16.5   300 100.0  1275  2689  1506  2591  29.4   0.4 
c N   0.0  16.7   300 100.0  1275  3209  2026  2591  27.4   0.4 
c +   0.0  16.7   300 100.0  1275  3348  2165  2850  27.7   0.5 
c +   0.0  16.8   300 100.0  1275  4145  1530  3135  26.3   0.4 
c +   0.1  16.6   300 100.0  1275  5109  2494  3448  29.1   0.5 
c +   0.1  16.5   300 100.0  1275  6275  1929  3792  29.4   0.4 
c +   0.1  16.0   300 100.0  1275  7685  3339  4171  28.7   0.6 
c N   0.1  16.1   300 100.0  1275  8022  3676  4171  26.8   0.7 
c 
c  seconds     variables   original    learned     agility
c         level        used      conflicts    limit          MB
c 
c +   0.1  15.8   300 100.0  1275  9391  2953  4588  29.2   0.6 
c +   0.1  15.4   300 100.0  1275 11455  2716  5046  30.1   0.5 
c +   0.2  15.1   300 100.0  1275 13952  2687  5550  29.4   0.5 
c +   0.2  14.8   300 100.0  1275 16973  2927  6105  31.1   0.5 
c N   0.2  14.9   300 100.0  1275 19243  5197  6105  28.0   0.9 
c +   0.3  14.9   300 100.0  1275 20628  3525  6715  27.7   0.6 
c +   0.3  14.7   300 100.0  1275 25050  4584  7386  29.5   0.8 
c +   0.4  14.5   300 100.0  1275 30400  6233  8124  28.3   1.0 
c +   0.5  14.1   300 100.0  1275 36873  4568  8936  28.7   0.7 
c +   0.7  13.9   300 100.0  1275 44705  7923  9829  30.5   1.3 
c N   0.7  13.9   300 100.0  1275 44898  8116  9829  29.4   1.3 
c +   0.8  13.9   300 100.0  1275 54181  7552 10811  28.8   1.2 
c +   1.1  13.8   300 100.0  1275 65646  8192 11892  27.9   1.3 
c +   1.4  13.7   300 100.0  1275 79518 10161 13081  29.2   1.5 
c +   1.7  13.5   300 100.0  1275 96303  7306 14389  28.1   1.1 
c N   1.9  13.4   300 100.0  1275 102e3 13592 14389  29.3   1.9 
c +   2.2  13.3   300 100.0  1275 116e3 13208 15827  31.2   1.9 
c +   2.8  13.1   300 100.0  1275 141e3 14017 17409  29.4   1.9 
c +   3.5  12.8   300 100.0  1275 170e3  8898 19149  28.3   1.4 
c 1   4.0  12.7   300 100.0  1275 190e3 18891 19149  25.2   2.8 
c 
c  seconds     variables   original    learned     agility
c         level        used      conflicts    limit          MB
c 
s SATISFIABLE
v -1 -2 3 4 -5 6 7 -8 -9 10 -11 12 -13 -14 15 -16 -17 -18 -19 -20 -21 -22 -23
v -24 -25 -26 27 -28 29 -30 -31 32 -33 34 -35 -36 37 38 39 -40 -41 -42 43 -44
v -45 -46 -47 48 49 50 51 -52 -53 -54 -55 -56 57 -58 -59 60 -61 62 63 -64 -65
v 66 67 68 -69 70 -71 -72 -73 74 -75 -76 77 -78 79 -80 -81 -82 -83 -84 85 86
v -87 -88 -89 -90 -91 -92 -93 -94 -95 96 97 98 99 -100 -101 102 103 104 105
v -106 107 108 109 -110 -111 -112 -113 114 115 116 -117 -118 119 120 121 122
v 123 -124 125 -126 127 -128 129 130 -131 -132 -133 -134 -135 136 137 138 139
v -140 141 -142 143 144 -145 146 -147 148 149 150 151 152 153 -154 155 -156 157
v 158 -159 -160 -161 -162 163 164 165 166 167 -168 -169 -170 171 172 -173 174
v 175 -176 177 178 179 -180 -181 -182 -183 -184 -185 186 -187 188 -189 -190
v -191 -192 193 194 -195 -196 197 198 199 -200 -201 202 -203 -204 205 206 -207
v 208 209 210 211 212 213 -214 -215 -216 -217 218 219 220 -221 -222 -223 224
v 225 -226 227 228 229 230 -231 232 -233 -234 -235 -236 237 238 239 240 -241
v -242 -243 -244 -245 246 247 248 249 -250 -251 -252 253 -254 255 256 257 -258
v 259 -260 261 262 263 -264 265 266 -267 -268 -269 -270 -271 -272 273 -274 275
v -276 277 -278 279 280 281 -282 283 -284 -285 286 287 288 289 -290 -291 -292
v 293 -294 295 -296 -297 298 -299 300 0
c
c 0 iterations
c 2 restarts
c 0 failed literals
c 190491 conflicts
c 218985 decisions
c 0 fixed variables
c 2905129 learned literals
c 27.5% deleted literals
c 12451209 propagations
c 160921062 visits
c 100.0% variables used
c 4.0 seconds in library
c 3.1 megaprops/second
c 39.8 megavisits/second
c probing 0.0 seconds 0%
c 1 simplifications
c 32 reductions
c 25.1 MB recycled
c 2.8 MB maximally allocated
c 4.0 seconds total run time
