1 2 3 4 5 0
-1 -2 0
-1 -3 0
-1 -4 0
-1 -5 0
-2 -3 0
-2 -4 0
-2 -5 0
-3 -4 0
-3 -5 0
-4 -5 0
6 7 8 9 10 0
-6 -7 0
-6 -8 0
-6 -9 0
-6 -10 0
-7 -8 0
-7 -9 0
-7 -10 0
-8 -9 0
-8 -10 0
-9 -10 0
11 12 13 14 15 0
-11 -12 0
-11 -13 0
-11 -14 0
-11 -15 0
-12 -13 0
-12 -14 0
-12 -15 0
-13 -14 0
-13 -15 0
-14 -15 0
16 17 18 19 20 0
-16 -17 0
-16 -18 0
-16 -19 0
-16 -20 0
-17 -18 0
-17 -19 0
-17 -20 0
-18 -19 0
-18 -20 0
-19 -20 0
21 22 23 24 25 0
-21 -22 0
-21 -23 0
-21 -24 0
-21 -25 0
-22 -23 0
-22 -24 0
-22 -25 0
-23 -24 0
-23 -25 0
-24 -25 0
26 27 28 29 30 0
-26 -27 0
-26 -28 0
-26 -29 0
-26 -30 0
-27 -28 0
-27 -29 0
-27 -30 0
-28 -29 0
-28 -30 0
-29 -30 0
31 32 33 34 35 0
-31 -32 0
-31 -33 0
-31 -34 0
-31 -35 0
-32 -33 0
-32 -34 0
-32 -35 0
-33 -34 0
-33 -35 0
-34 -35 0
36 37 38 39 40 0
-36 -37 0
-36 -38 0
-36 -39 0
-36 -40 0
-37 -38 0
-37 -39 0
-37 -40 0
-38 -39 0
-38 -40 0
-39 -40 0
41 42 43 44 45 0
-41 -42 0
-41 -43 0
-41 -44 0
-41 -45 0
-42 -43 0
-42 -44 0
-42 -45 0
-43 -44 0
-43 -45 0
-44 -45 0
46 47 48 49 50 0
-46 -47 0
-46 -48 0
-46 -49 0
-46 -50 0
-47 -48 0
-47 -49 0
-47 -50 0
-48 -49 0
-48 -50 0
-49 -50 0
51 52 53 54 55 0
-51 -52 0
-51 -53 0
-51 -54 0
-51 -55 0
-52 -53 0
-52 -54 0
-52 -55 0
-53 -54 0
-53 -55 0
-54 -55 0
56 57 58 59 60 0
-56 -57 0
-56 -58 0
-56 -59 0
-56 -60 0
-57 -58 0
-57 -59 0
-57 -60 0
-58 -59 0
-58 -60 0
-59 -60 0
61 62 63 64 65 0
-61 -62 0
-61 -63 0
-61 -64 0
-61 -65 0
-62 -63 0
-62 -64 0
-62 -65 0
-63 -64 0
-63 -65 0
-64 -65 0
66 67 68 69 70 0
-66 -67 0
-66 -68 0
-66 -69 0
-66 -70 0
-67 -68 0
-67 -69 0
-67 -70 0
-68 -69 0
-68 -70 0
-69 -70 0
71 72 73 74 75 0
-71 -72 0
-71 -73 0
-71 -74 0
-71 -75 0
-72 -73 0
-72 -74 0
-72 -75 0
-73 -74 0
-73 -75 0
-74 -75 0
76 77 78 79 80 0
-76 -77 0
-76 -78 0
-76 -79 0
-76 -80 0
-77 -78 0
-77 -79 0
-77 -80 0
-78 -79 0
-78 -80 0
-79 -80 0
81 82 83 84 85 0
-81 -82 0
-81 -83 0
-81 -84 0
-81 -85 0
-82 -83 0
-82 -84 0
-82 -85 0
-83 -84 0
-83 -85 0
-84 -85 0
86 87 88 89 90 0
-86 -87 0
-86 -88 0
-86 -89 0
-86 -90 0
-87 -88 0
-87 -89 0
-87 -90 0
-88 -89 0
-88 -90 0
-89 -90 0
91 92 93 94 95 0
-91 -92 0
-91 -93 0
-91 -94 0
-91 -95 0
-92 -93 0
-92 -94 0
-92 -95 0
-93 -94 0
-93 -95 0
-94 -95 0
96 97 98 99 100 0
-96 -97 0
-96 -98 0
-96 -99 0
-96 -100 0
-97 -98 0
-97 -99 0
-97 -100 0
-98 -99 0
-98 -100 0
-99 -100 0
101 102 103 104 105 0
-101 -102 0
-101 -103 0
-101 -104 0
-101 -105 0
-102 -103 0
-102 -104 0
-102 -105 0
-103 -104 0
-103 -105 0
-104 -105 0
106 107 108 109 110 0
-106 -107 0
-106 -108 0
-106 -109 0
-106 -110 0
-107 -108 0
-107 -109 0
-107 -110 0
-108 -109 0
-108 -110 0
-109 -110 0
111 112 113 114 115 0
-111 -112 0
-111 -113 0
-111 -114 0
-111 -115 0
-112 -113 0
-112 -114 0
-112 -115 0
-113 -114 0
-113 -115 0
-114 -115 0
116 117 118 119 120 0
-116 -117 0
-116 -118 0
-116 -119 0
-116 -120 0
-117 -118 0
-117 -119 0
-117 -120 0
-118 -119 0
-118 -120 0
-119 -120 0
121 122 123 124 125 0
-121 -122 0
-121 -123 0
-121 -124 0
-121 -125 0
-122 -123 0
-122 -124 0
-122 -125 0
-123 -124 0
-123 -125 0
-124 -125 0
126 127 128 129 130 0
-126 -127 0
-126 -128 0
-126 -129 0
-126 -130 0
-127 -128 0
-127 -129 0
-127 -130 0
-128 -129 0
-128 -130 0
-129 -130 0
131 132 133 134 135 0
-131 -132 0
-131 -133 0
-131 -134 0
-131 -135 0
-132 -133 0
-132 -134 0
-132 -135 0
-133 -134 0
-133 -135 0
-134 -135 0
136 137 138 139 140 0
-136 -137 0
-136 -138 0
-136 -139 0
-136 -140 0
-137 -138 0
-137 -139 0
-137 -140 0
-138 -139 0
-138 -140 0
-139 -140 0
141 142 143 144 145 0
-141 -142 0
-141 -143 0
-141 -144 0
-141 -145 0
-142 -143 0
-142 -144 0
-142 -145 0
-143 -144 0
-143 -145 0
-144 -145 0
146 147 148 149 150 0
-146 -147 0
-146 -148 0
-146 -149 0
-146 -150 0
-147 -148 0
-147 -149 0
-147 -150 0
-148 -149 0
-148 -150 0
-149 -150 0
151 152 153 154 155 0
-151 -152 0
-151 -153 0
-151 -154 0
-151 -155 0
-152 -153 0
-152 -154 0
-152 -155 0
-153 -154 0
-153 -155 0
-154 -155 0
156 157 158 159 160 0
-156 -157 0
-156 -158 0
-156 -159 0
-156 -160 0
-157 -158 0
-157 -159 0
-157 -160 0
-158 -159 0
-158 -160 0
-159 -160 0
161 162 163 164 165 0
-161 -162 0
-161 -163 0
-161 -164 0
-161 -165 0
-162 -163 0
-162 -164 0
-162 -165 0
-163 -164 0
-163 -165 0
-164 -165 0
166 167 168 169 170 0
-166 -167 0
-166 -168 0
-166 -169 0
-166 -170 0
-167 -168 0
-167 -169 0
-167 -170 0
-168 -169 0
-168 -170 0
-169 -170 0
171 172 173 174 175 0
-171 -172 0
-171 -173 0
-171 -174 0
-171 -175 0
-172 -173 0
-172 -174 0
-172 -175 0
-173 -174 0
-173 -175 0
-174 -175 0
-176 177 1 0
-176 177 6 0
-176 177 11 0
-176 177 16 0
-176 177 26 0
-176 177 31 0
-176 177 36 0
-176 177 41 0
-178 177 6 0
-178 177 11 0
-178 177 16 0
-178 177 21 0
-178 177 31 0
-178 177 36 0
-178 177 41 0
-178 177 46 0
-179 177 26 0
-179 177 31 0
-179 177 36 0
-179 177 41 0
-179 177 51 0
-179 177 56 0
-179 177 61 0
-179 177 66 0
-180 177 31 0
-180 177 36 0
-180 177 41 0
-180 177 46 0
-180 177 56 0
-180 177 61 0
-180 177 66 0
-180 177 71 0
-181 177 51 0
-181 177 56 0
-181 177 61 0
-181 177 66 0
-181 177 76 0
-181 177 81 0
-181 177 86 0
-181 177 91 0
-182 177 56 0
-182 177 61 0
-182 177 66 0
-182 177 71 0
-182 177 81 0
-182 177 86 0
-182 177 91 0
-182 177 96 0
-183 177 76 0
-183 177 81 0
-183 177 86 0
-183 177 91 0
-183 177 101 0
-183 177 106 0
-183 177 111 0
-183 177 116 0
-184 177 81 0
-184 177 86 0
-184 177 91 0
-184 177 96 0
-184 177 106 0
-184 177 111 0
-184 177 116 0
-184 177 121 0
-185 177 101 0
-185 177 106 0
-185 177 111 0
-185 177 116 0
-185 177 126 0
-185 177 131 0
-185 177 136 0
-185 177 141 0
-186 177 106 0
-186 177 111 0
-186 177 116 0
-186 177 121 0
-186 177 131 0
-186 177 136 0
-186 177 141 0
-186 177 146 0
-187 177 126 0
-187 177 131 0
-187 177 136 0
-187 177 141 0
-187 177 151 0
-187 177 156 0
-187 177 161 0
-187 177 166 0
-188 177 131 0
-188 177 136 0
-188 177 141 0
-188 177 146 0
-188 177 156 0
-188 177 161 0
-188 177 166 0
-188 177 171 0
-189 190 2 0
-189 190 27 0
-189 190 52 0
-189 190 77 0
-189 190 102 0
-191 190 7 0
-191 190 32 0
-191 190 57 0
-191 190 82 0
-191 190 107 0
-192 190 12 0
-192 190 37 0
-192 190 62 0
-192 190 87 0
-192 190 112 0
-193 190 17 0
-193 190 42 0
-193 190 67 0
-193 190 92 0
-193 190 117 0
-194 190 22 0
-194 190 47 0
-194 190 72 0
-194 190 97 0
-194 190 122 0
-195 190 27 0
-195 190 52 0
-195 190 77 0
-195 190 102 0
-195 190 127 0
-196 190 32 0
-196 190 57 0
-196 190 82 0
-196 190 107 0
-196 190 132 0
-197 190 37 0
-197 190 62 0
-197 190 87 0
-197 190 112 0
-197 190 137 0
-198 190 42 0
-198 190 67 0
-198 190 92 0
-198 190 117 0
-198 190 142 0
-199 190 47 0
-199 190 72 0
-199 190 97 0
-199 190 122 0
-199 190 147 0
-200 190 52 0
-200 190 77 0
-200 190 102 0
-200 190 127 0
-200 190 152 0
-201 190 57 0
-201 190 82 0
-201 190 107 0
-201 190 132 0
-201 190 157 0
-202 190 62 0
-202 190 87 0
-202 190 112 0
-202 190 137 0
-202 190 162 0
-203 190 67 0
-203 190 92 0
-203 190 117 0
-203 190 142 0
-203 190 167 0
-204 190 72 0
-204 190 97 0
-204 190 122 0
-204 190 147 0
-204 190 172 0
-205 206 3 0
-205 206 8 0
-205 206 28 0
-205 206 33 0
-205 206 53 0
-205 206 58 0
-207 206 8 0
-207 206 13 0
-207 206 33 0
-207 206 38 0
-207 206 58 0
-207 206 63 0
-208 206 13 0
-208 206 18 0
-208 206 38 0
-208 206 43 0
-208 206 63 0
-208 206 68 0
-209 206 18 0
-209 206 23 0
-209 206 43 0
-209 206 48 0
-209 206 68 0
-209 206 73 0
-210 206 28 0
-210 206 33 0
-210 206 53 0
-210 206 58 0
-210 206 78 0
-210 206 83 0
-211 206 33 0
-211 206 38 0
-211 206 58 0
-211 206 63 0
-211 206 83 0
-211 206 88 0
-212 206 38 0
-212 206 43 0
-212 206 63 0
-212 206 68 0
-212 206 88 0
-212 206 93 0
-213 206 43 0
-213 206 48 0
-213 206 68 0
-213 206 73 0
-213 206 93 0
-213 206 98 0
-214 206 53 0
-214 206 58 0
-214 206 78 0
-214 206 83 0
-214 206 103 0
-214 206 108 0
-215 206 58 0
-215 206 63 0
-215 206 83 0
-215 206 88 0
-215 206 108 0
-215 206 113 0
-216 206 63 0
-216 206 68 0
-216 206 88 0
-216 206 93 0
-216 206 113 0
-216 206 118 0
-217 206 68 0
-217 206 73 0
-217 206 93 0
-217 206 98 0
-217 206 118 0
-217 206 123 0
-218 206 78 0
-218 206 83 0
-218 206 103 0
-218 206 108 0
-218 206 128 0
-218 206 133 0
-219 206 83 0
-219 206 88 0
-219 206 108 0
-219 206 113 0
-219 206 133 0
-219 206 138 0
-220 206 88 0
-220 206 93 0
-220 206 113 0
-220 206 118 0
-220 206 138 0
-220 206 143 0
-221 206 93 0
-221 206 98 0
-221 206 118 0
-221 206 123 0
-221 206 143 0
-221 206 148 0
-222 206 103 0
-222 206 108 0
-222 206 128 0
-222 206 133 0
-222 206 153 0
-222 206 158 0
-223 206 108 0
-223 206 113 0
-223 206 133 0
-223 206 138 0
-223 206 158 0
-223 206 163 0
-224 206 113 0
-224 206 118 0
-224 206 138 0
-224 206 143 0
-224 206 163 0
-224 206 168 0
-225 206 118 0
-225 206 123 0
-225 206 143 0
-225 206 148 0
-225 206 168 0
-225 206 173 0
-226 227 4 0
-226 227 9 0
-226 227 29 0
-226 227 34 0
-228 227 9 0
-228 227 14 0
-228 227 34 0
-228 227 39 0
-229 227 14 0
-229 227 19 0
-229 227 39 0
-229 227 44 0
-230 227 19 0
-230 227 24 0
-230 227 44 0
-230 227 49 0
-231 227 29 0
-231 227 34 0
-231 227 54 0
-231 227 59 0
-232 227 34 0
-232 227 39 0
-232 227 59 0
-232 227 64 0
-233 227 39 0
-233 227 44 0
-233 227 64 0
-233 227 69 0
-234 227 44 0
-234 227 49 0
-234 227 69 0
-234 227 74 0
-235 227 54 0
-235 227 59 0
-235 227 79 0
-235 227 84 0
-236 227 59 0
-236 227 64 0
-236 227 84 0
-236 227 89 0
-237 227 64 0
-237 227 69 0
-237 227 89 0
-237 227 94 0
-238 227 69 0
-238 227 74 0
-238 227 94 0
-238 227 99 0
-239 227 79 0
-239 227 84 0
-239 227 104 0
-239 227 109 0
-240 227 84 0
-240 227 89 0
-240 227 109 0
-240 227 114 0
-241 227 89 0
-241 227 94 0
-241 227 114 0
-241 227 119 0
-242 227 94 0
-242 227 99 0
-242 227 119 0
-242 227 124 0
-243 227 104 0
-243 227 109 0
-243 227 129 0
-243 227 134 0
-244 227 109 0
-244 227 114 0
-244 227 134 0
-244 227 139 0
-245 227 114 0
-245 227 119 0
-245 227 139 0
-245 227 144 0
-246 227 119 0
-246 227 124 0
-246 227 144 0
-246 227 149 0
-247 227 129 0
-247 227 134 0
-247 227 154 0
-247 227 159 0
-248 227 134 0
-248 227 139 0
-248 227 159 0
-248 227 164 0
-249 227 139 0
-249 227 144 0
-249 227 164 0
-249 227 169 0
-250 227 144 0
-250 227 149 0
-250 227 169 0
-250 227 174 0
-251 252 5 0
-251 252 10 0
-251 252 15 0
-251 252 30 0
-251 252 35 0
-251 252 40 0
-251 252 55 0
-251 252 60 0
-251 252 65 0
-251 252 80 0
-251 252 85 0
-251 252 90 0
-253 252 10 0
-253 252 15 0
-253 252 20 0
-253 252 35 0
-253 252 40 0
-253 252 45 0
-253 252 60 0
-253 252 65 0
-253 252 70 0
-253 252 85 0
-253 252 90 0
-253 252 95 0
-254 252 15 0
-254 252 20 0
-254 252 25 0
-254 252 40 0
-254 252 45 0
-254 252 50 0
-254 252 65 0
-254 252 70 0
-254 252 75 0
-254 252 90 0
-254 252 95 0
-254 252 100 0
-255 252 30 0
-255 252 35 0
-255 252 40 0
-255 252 55 0
-255 252 60 0
-255 252 65 0
-255 252 80 0
-255 252 85 0
-255 252 90 0
-255 252 105 0
-255 252 110 0
-255 252 115 0
-256 252 35 0
-256 252 40 0
-256 252 45 0
-256 252 60 0
-256 252 65 0
-256 252 70 0
-256 252 85 0
-256 252 90 0
-256 252 95 0
-256 252 110 0
-256 252 115 0
-256 252 120 0
-257 252 40 0
-257 252 45 0
-257 252 50 0
-257 252 65 0
-257 252 70 0
-257 252 75 0
-257 252 90 0
-257 252 95 0
-257 252 100 0
-257 252 115 0
-257 252 120 0
-257 252 125 0
-258 252 55 0
-258 252 60 0
-258 252 65 0
-258 252 80 0
-258 252 85 0
-258 252 90 0
-258 252 105 0
-258 252 110 0
-258 252 115 0
-258 252 130 0
-258 252 135 0
-258 252 140 0
-259 252 60 0
-259 252 65 0
-259 252 70 0
-259 252 85 0
-259 252 90 0
-259 252 95 0
-259 252 110 0
-259 252 115 0
-259 252 120 0
-259 252 135 0
-259 252 140 0
-259 252 145 0
-260 252 65 0
-260 252 70 0
-260 252 75 0
-260 252 90 0
-260 252 95 0
-260 252 100 0
-260 252 115 0
-260 252 120 0
-260 252 125 0
-260 252 140 0
-260 252 145 0
-260 252 150 0
-261 252 80 0
-261 252 85 0
-261 252 90 0
-261 252 105 0
-261 252 110 0
-261 252 115 0
-261 252 130 0
-261 252 135 0
-261 252 140 0
-261 252 155 0
-261 252 160 0
-261 252 165 0
-262 252 85 0
-262 252 90 0
-262 252 95 0
-262 252 110 0
-262 252 115 0
-262 252 120 0
-262 252 135 0
-262 252 140 0
-262 252 145 0
-262 252 160 0
-262 252 165 0
-262 252 170 0
-263 252 90 0
-263 252 95 0
-263 252 100 0
-263 252 115 0
-263 252 120 0
-263 252 125 0
-263 252 140 0
-263 252 145 0
-263 252 150 0
-263 252 165 0
-263 252 170 0
-263 252 175 0
-176 -177 1 0
-176 -177 26 0
-176 -177 6 0
-176 -177 31 0
-176 -177 11 0
-176 -177 36 0
-176 -177 16 0
-176 -177 41 0
-178 -177 26 0
-178 -177 51 0
-178 -177 31 0
-178 -177 56 0
-178 -177 36 0
-178 -177 61 0
-178 -177 41 0
-178 -177 66 0
-264 -177 51 0
-264 -177 76 0
-264 -177 56 0
-264 -177 81 0
-264 -177 61 0
-264 -177 86 0
-264 -177 66 0
-264 -177 91 0
-265 -177 76 0
-265 -177 101 0
-265 -177 81 0
-265 -177 106 0
-265 -177 86 0
-265 -177 111 0
-265 -177 91 0
-265 -177 116 0
-179 -177 6 0
-179 -177 31 0
-179 -177 11 0
-179 -177 36 0
-179 -177 16 0
-179 -177 41 0
-179 -177 21 0
-179 -177 46 0
-180 -177 31 0
-180 -177 56 0
-180 -177 36 0
-180 -177 61 0
-180 -177 41 0
-180 -177 66 0
-180 -177 46 0
-180 -177 71 0
-266 -177 56 0
-266 -177 81 0
-266 -177 61 0
-266 -177 86 0
-266 -177 66 0
-266 -177 91 0
-266 -177 71 0
-266 -177 96 0
-267 -177 81 0
-267 -177 106 0
-267 -177 86 0
-267 -177 111 0
-267 -177 91 0
-267 -177 116 0
-267 -177 96 0
-267 -177 121 0
-181 -177 11 0
-181 -177 36 0
-181 -177 16 0
-181 -177 41 0
-181 -177 21 0
-181 -177 46 0
-181 -177 268 0
-181 -177 269 0
-182 -177 36 0
-182 -177 61 0
-182 -177 41 0
-182 -177 66 0
-182 -177 46 0
-182 -177 71 0
-182 -177 269 0
-182 -177 270 0
-271 -177 61 0
-271 -177 86 0
-271 -177 66 0
-271 -177 91 0
-271 -177 71 0
-271 -177 96 0
-271 -177 270 0
-271 -177 272 0
-273 -177 86 0
-273 -177 111 0
-273 -177 91 0
-273 -177 116 0
-273 -177 96 0
-273 -177 121 0
-273 -177 272 0
-273 -177 274 0
-183 -177 16 0
-183 -177 41 0
-183 -177 21 0
-183 -177 46 0
-183 -177 268 0
-183 -177 269 0
-183 -177 275 0
-183 -177 276 0
-184 -177 41 0
-184 -177 66 0
-184 -177 46 0
-184 -177 71 0
-184 -177 269 0
-184 -177 270 0
-184 -177 276 0
-184 -177 277 0
-278 -177 66 0
-278 -177 91 0
-278 -177 71 0
-278 -177 96 0
-278 -177 270 0
-278 -177 272 0
-278 -177 277 0
-278 -177 279 0
-280 -177 91 0
-280 -177 116 0
-280 -177 96 0
-280 -177 121 0
-280 -177 272 0
-280 -177 274 0
-280 -177 279 0
-280 -177 281 0
-189 -190 2 0
-189 -190 27 0
-189 -190 52 0
-189 -190 77 0
-189 -190 102 0
-195 -190 7 0
-195 -190 32 0
-195 -190 57 0
-195 -190 82 0
-195 -190 107 0
-200 -190 12 0
-200 -190 37 0
-200 -190 62 0
-200 -190 87 0
-200 -190 112 0
-282 -190 17 0
-282 -190 42 0
-282 -190 67 0
-282 -190 92 0
-282 -190 117 0
-283 -190 22 0
-283 -190 47 0
-283 -190 72 0
-283 -190 97 0
-283 -190 122 0
-284 -190 285 0
-284 -190 286 0
-284 -190 287 0
-284 -190 288 0
-284 -190 289 0
-290 -190 291 0
-290 -190 292 0
-290 -190 293 0
-290 -190 294 0
-290 -190 295 0
-205 -206 3 0
-205 -206 28 0
-205 -206 53 0
-205 -206 8 0
-205 -206 33 0
-205 -206 58 0
-207 -206 28 0
-207 -206 53 0
-207 -206 78 0
-207 -206 33 0
-207 -206 58 0
-207 -206 83 0
-208 -206 53 0
-208 -206 78 0
-208 -206 103 0
-208 -206 58 0
-208 -206 83 0
-208 -206 108 0
-210 -206 8 0
-210 -206 33 0
-210 -206 58 0
-210 -206 13 0
-210 -206 38 0
-210 -206 63 0
-211 -206 33 0
-211 -206 58 0
-211 -206 83 0
-211 -206 38 0
-211 -206 63 0
-211 -206 88 0
-212 -206 58 0
-212 -206 83 0
-212 -206 108 0
-212 -206 63 0
-212 -206 88 0
-212 -206 113 0
-214 -206 13 0
-214 -206 38 0
-214 -206 63 0
-214 -206 18 0
-214 -206 43 0
-214 -206 68 0
-215 -206 38 0
-215 -206 63 0
-215 -206 88 0
-215 -206 43 0
-215 -206 68 0
-215 -206 93 0
-216 -206 63 0
-216 -206 88 0
-216 -206 113 0
-216 -206 68 0
-216 -206 93 0
-216 -206 118 0
-218 -206 18 0
-218 -206 43 0
-218 -206 68 0
-218 -206 23 0
-218 -206 48 0
-218 -206 73 0
-219 -206 43 0
-219 -206 68 0
-219 -206 93 0
-219 -206 48 0
-219 -206 73 0
-219 -206 98 0
-220 -206 68 0
-220 -206 93 0
-220 -206 118 0
-220 -206 73 0
-220 -206 98 0
-220 -206 123 0
-222 -206 23 0
-222 -206 48 0
-222 -206 73 0
-222 -206 296 0
-222 -206 297 0
-222 -206 298 0
-223 -206 48 0
-223 -206 73 0
-223 -206 98 0
-223 -206 297 0
-223 -206 298 0
-223 -206 299 0
-224 -206 73 0
-224 -206 98 0
-224 -206 123 0
-224 -206 298 0
-224 -206 299 0
-224 -206 300 0
-301 -206 296 0
-301 -206 297 0
-301 -206 298 0
-301 -206 302 0
-301 -206 303 0
-301 -206 304 0
-305 -206 297 0
-305 -206 298 0
-305 -206 299 0
-305 -206 303 0
-305 -206 304 0
-305 -206 306 0
-307 -206 298 0
-307 -206 299 0
-307 -206 300 0
-307 -206 304 0
-307 -206 306 0
-307 -206 308 0
-226 -227 4 0
-226 -227 29 0
-226 -227 9 0
-226 -227 34 0
-228 -227 29 0
-228 -227 54 0
-228 -227 34 0
-228 -227 59 0
-229 -227 54 0
-229 -227 79 0
-229 -227 59 0
-229 -227 84 0
-230 -227 79 0
-230 -227 104 0
-230 -227 84 0
-230 -227 109 0
-231 -227 9 0
-231 -227 34 0
-231 -227 14 0
-231 -227 39 0
-232 -227 34 0
-232 -227 59 0
-232 -227 39 0
-232 -227 64 0
-233 -227 59 0
-233 -227 84 0
-233 -227 64 0
-233 -227 89 0
-234 -227 84 0
-234 -227 109 0
-234 -227 89 0
-234 -227 114 0
-235 -227 14 0
-235 -227 39 0
-235 -227 19 0
-235 -227 44 0
-236 -227 39 0
-236 -227 64 0
-236 -227 44 0
-236 -227 69 0
-237 -227 64 0
-237 -227 89 0
-237 -227 69 0
-237 -227 94 0
-238 -227 89 0
-238 -227 114 0
-238 -227 94 0
-238 -227 119 0
-239 -227 19 0
-239 -227 44 0
-239 -227 24 0
-239 -227 49 0
-240 -227 44 0
-240 -227 69 0
-240 -227 49 0
-240 -227 74 0
-241 -227 69 0
-241 -227 94 0
-241 -227 74 0
-241 -227 99 0
-242 -227 94 0
-242 -227 119 0
-242 -227 99 0
-242 -227 124 0
-243 -227 24 0
-243 -227 49 0
-243 -227 309 0
-243 -227 310 0
-244 -227 49 0
-244 -227 74 0
-244 -227 310 0
-244 -227 311 0
-245 -227 74 0
-245 -227 99 0
-245 -227 311 0
-245 -227 312 0
-246 -227 99 0
-246 -227 124 0
-246 -227 312 0
-246 -227 313 0
-247 -227 309 0
-247 -227 310 0
-247 -227 314 0
-247 -227 315 0
-248 -227 310 0
-248 -227 311 0
-248 -227 315 0
-248 -227 316 0
-249 -227 311 0
-249 -227 312 0
-249 -227 316 0
-249 -227 317 0
-250 -227 312 0
-250 -227 313 0
-250 -227 317 0
-250 -227 318 0
-251 -252 5 0
-251 -252 30 0
-251 -252 55 0
-251 -252 80 0
-251 -252 10 0
-251 -252 35 0
-251 -252 60 0
-251 -252 85 0
-251 -252 15 0
-251 -252 40 0
-251 -252 65 0
-251 -252 90 0
-253 -252 30 0
-253 -252 55 0
-253 -252 80 0
-253 -252 105 0
-253 -252 35 0
-253 -252 60 0
-253 -252 85 0
-253 -252 110 0
-253 -252 40 0
-253 -252 65 0
-253 -252 90 0
-253 -252 115 0
-255 -252 10 0
-255 -252 35 0
-255 -252 60 0
-255 -252 85 0
-255 -252 15 0
-255 -252 40 0
-255 -252 65 0
-255 -252 90 0
-255 -252 20 0
-255 -252 45 0
-255 -252 70 0
-255 -252 95 0
-256 -252 35 0
-256 -252 60 0
-256 -252 85 0
-256 -252 110 0
-256 -252 40 0
-256 -252 65 0
-256 -252 90 0
-256 -252 115 0
-256 -252 45 0
-256 -252 70 0
-256 -252 95 0
-256 -252 120 0
-258 -252 15 0
-258 -252 40 0
-258 -252 65 0
-258 -252 90 0
-258 -252 20 0
-258 -252 45 0
-258 -252 70 0
-258 -252 95 0
-258 -252 25 0
-258 -252 50 0
-258 -252 75 0
-258 -252 100 0
-259 -252 40 0
-259 -252 65 0
-259 -252 90 0
-259 -252 115 0
-259 -252 45 0
-259 -252 70 0
-259 -252 95 0
-259 -252 120 0
-259 -252 50 0
-259 -252 75 0
-259 -252 100 0
-259 -252 125 0
-261 -252 20 0
-261 -252 45 0
-261 -252 70 0
-261 -252 95 0
-261 -252 25 0
-261 -252 50 0
-261 -252 75 0
-261 -252 100 0
-261 -252 319 0
-261 -252 320 0
-261 -252 321 0
-261 -252 322 0
-262 -252 45 0
-262 -252 70 0
-262 -252 95 0
-262 -252 120 0
-262 -252 50 0
-262 -252 75 0
-262 -252 100 0
-262 -252 125 0
-262 -252 320 0
-262 -252 321 0
-262 -252 322 0
-262 -252 323 0
-324 -252 25 0
-324 -252 50 0
-324 -252 75 0
-324 -252 100 0
-324 -252 319 0
-324 -252 320 0
-324 -252 321 0
-324 -252 322 0
-324 -252 325 0
-324 -252 326 0
-324 -252 327 0
-324 -252 328 0
-329 -252 50 0
-329 -252 75 0
-329 -252 100 0
-329 -252 125 0
-329 -252 320 0
-329 -252 321 0
-329 -252 322 0
-329 -252 323 0
-329 -252 326 0
-329 -252 327 0
-329 -252 328 0
-329 -252 330 0
176 178 264 265 179 180 266 267 181 182 271 273 183 184 278 280 0
189 195 200 282 283 284 290 0
205 207 208 210 211 212 214 215 216 218 219 220 222 223 224 301 305 307 0
226 228 229 230 231 232 233 234 235 236 237 238 239 240 241 242 243 244 245 246 247 248 249 250 0
251 253 255 256 258 259 261 262 324 329 0
