-1 -2 0
-1 -3 0
-1 -4 0
-1 -5 0
-1 -6 0
-1 -7 0
-1 -8 0
-1 -9 0
-1 -10 0
-1 -11 0
-1 -12 0
-1 -13 0
-1 -14 0
-1 -15 0
-1 -16 0
-1 -17 0
-1 -18 0
-1 -19 0
-1 -20 0
-1 -21 0
-2 -3 0
-2 -4 0
-2 -5 0
-2 -6 0
-2 -7 0
-2 -8 0
-2 -9 0
-2 -10 0
-2 -11 0
-2 -12 0
-2 -13 0
-2 -14 0
-2 -15 0
-2 -16 0
-2 -17 0
-2 -18 0
-2 -19 0
-2 -20 0
-2 -21 0
-3 -4 0
-3 -5 0
-3 -6 0
-3 -7 0
-3 -8 0
-3 -9 0
-3 -10 0
-3 -11 0
-3 -12 0
-3 -13 0
-3 -14 0
-3 -15 0
-3 -16 0
-3 -17 0
-3 -18 0
-3 -19 0
-3 -20 0
-3 -21 0
-4 -5 0
-4 -6 0
-4 -7 0
-4 -8 0
-4 -9 0
-4 -10 0
-4 -11 0
-4 -12 0
-4 -13 0
-4 -14 0
-4 -15 0
-4 -16 0
-4 -17 0
-4 -18 0
-4 -19 0
-4 -20 0
-4 -21 0
-5 -6 0
-5 -7 0
-5 -8 0
-5 -9 0
-5 -10 0
-5 -11 0
-5 -12 0
-5 -13 0
-5 -14 0
-5 -15 0
-5 -16 0
-5 -17 0
-5 -18 0
-5 -19 0
-5 -20 0
-5 -21 0
-6 -7 0
-6 -8 0
-6 -9 0
-6 -10 0
-6 -11 0
-6 -12 0
-6 -13 0
-6 -14 0
-6 -15 0
-6 -16 0
-6 -17 0
-6 -18 0
-6 -19 0
-6 -20 0
-6 -21 0
-7 -8 0
-7 -9 0
-7 -10 0
-7 -11 0
-7 -12 0
-7 -13 0
-7 -14 0
-7 -15 0
-7 -16 0
-7 -17 0
-7 -18 0
-7 -19 0
-7 -20 0
-7 -21 0
-8 -9 0
-8 -10 0
-8 -11 0
-8 -12 0
-8 -13 0
-8 -14 0
-8 -15 0
-8 -16 0
-8 -17 0
-8 -18 0
-8 -19 0
-8 -20 0
-8 -21 0
-9 -10 0
-9 -11 0
-9 -12 0
-9 -13 0
-9 -14 0
-9 -15 0
-9 -16 0
-9 -17 0
-9 -18 0
-9 -19 0
-9 -20 0
-9 -21 0
-10 -11 0
-10 -12 0
-10 -13 0
-10 -14 0
-10 -15 0
-10 -16 0
-10 -17 0
-10 -18 0
-10 -19 0
-10 -20 0
-10 -21 0
-11 -12 0
-11 -13 0
-11 -14 0
-11 -15 0
-11 -16 0
-11 -17 0
-11 -18 0
-11 -19 0
-11 -20 0
-11 -21 0
-12 -13 0
-12 -14 0
-12 -15 0
-12 -16 0
-12 -17 0
-12 -18 0
-12 -19 0
-12 -20 0
-12 -21 0
-13 -14 0
-13 -15 0
-13 -16 0
-13 -17 0
-13 -18 0
-13 -19 0
-13 -20 0
-13 -21 0
-14 -15 0
-14 -16 0
-14 -17 0
-14 -18 0
-14 -19 0
-14 -20 0
-14 -21 0
-15 -16 0
-15 -17 0
-15 -18 0
-15 -19 0
-15 -20 0
-15 -21 0
-16 -17 0
-16 -18 0
-16 -19 0
-16 -20 0
-16 -21 0
-17 -18 0
-17 -19 0
-17 -20 0
-17 -21 0
-18 -19 0
-18 -20 0
-18 -21 0
-19 -20 0
-19 -21 0
-20 -21 0
-22 -23 0
-22 -24 0
-22 -25 0
-22 -26 0
-22 -27 0
-22 -28 0
-22 -29 0
-22 -30 0
-22 -31 0
-22 -32 0
-22 -33 0
-22 -34 0
-22 -35 0
-22 -36 0
-22 -37 0
-22 -38 0
-22 -39 0
-22 -40 0
-22 -41 0
-22 -42 0
-22 -43 0
-22 -44 0
-22 -45 0
-22 -46 0
-22 -47 0
-22 -48 0
-23 -24 0
-23 -25 0
-23 -26 0
-23 -27 0
-23 -28 0
-23 -29 0
-23 -30 0
-23 -31 0
-23 -32 0
-23 -33 0
-23 -34 0
-23 -35 0
-23 -36 0
-23 -37 0
-23 -38 0
-23 -39 0
-23 -40 0
-23 -41 0
-23 -42 0
-23 -43 0
-23 -44 0
-23 -45 0
-23 -46 0
-23 -47 0
-23 -48 0
-24 -25 0
-24 -26 0
-24 -27 0
-24 -28 0
-24 -29 0
-24 -30 0
-24 -31 0
-24 -32 0
-24 -33 0
-24 -34 0
-24 -35 0
-24 -36 0
-24 -37 0
-24 -38 0
-24 -39 0
-24 -40 0
-24 -41 0
-24 -42 0
-24 -43 0
-24 -44 0
-24 -45 0
-24 -46 0
-24 -47 0
-24 -48 0
-25 -26 0
-25 -27 0
-25 -28 0
-25 -29 0
-25 -30 0
-25 -31 0
-25 -32 0
-25 -33 0
-25 -34 0
-25 -35 0
-25 -36 0
-25 -37 0
-25 -38 0
-25 -39 0
-25 -40 0
-25 -41 0
-25 -42 0
-25 -43 0
-25 -44 0
-25 -45 0
-25 -46 0
-25 -47 0
-25 -48 0
-26 -27 0
-26 -28 0
-26 -29 0
-26 -30 0
-26 -31 0
-26 -32 0
-26 -33 0
-26 -34 0
-26 -35 0
-26 -36 0
-26 -37 0
-26 -38 0
-26 -39 0
-26 -40 0
-26 -41 0
-26 -42 0
-26 -43 0
-26 -44 0
-26 -45 0
-26 -46 0
-26 -47 0
-26 -48 0
-27 -28 0
-27 -29 0
-27 -30 0
-27 -31 0
-27 -32 0
-27 -33 0
-27 -34 0
-27 -35 0
-27 -36 0
-27 -37 0
-27 -38 0
-27 -39 0
-27 -40 0
-27 -41 0
-27 -42 0
-27 -43 0
-27 -44 0
-27 -45 0
-27 -46 0
-27 -47 0
-27 -48 0
-28 -29 0
-28 -30 0
-28 -31 0
-28 -32 0
-28 -33 0
-28 -34 0
-28 -35 0
-28 -36 0
-28 -37 0
-28 -38 0
-28 -39 0
-28 -40 0
-28 -41 0
-28 -42 0
-28 -43 0
-28 -44 0
-28 -45 0
-28 -46 0
-28 -47 0
-28 -48 0
-29 -30 0
-29 -31 0
-29 -32 0
-29 -33 0
-29 -34 0
-29 -35 0
-29 -36 0
-29 -37 0
-29 -38 0
-29 -39 0
-29 -40 0
-29 -41 0
-29 -42 0
-29 -43 0
-29 -44 0
-29 -45 0
-29 -46 0
-29 -47 0
-29 -48 0
-30 -31 0
-30 -32 0
-30 -33 0
-30 -34 0
-30 -35 0
-30 -36 0
-30 -37 0
-30 -38 0
-30 -39 0
-30 -40 0
-30 -41 0
-30 -42 0
-30 -43 0
-30 -44 0
-30 -45 0
-30 -46 0
-30 -47 0
-30 -48 0
-31 -32 0
-31 -33 0
-31 -34 0
-31 -35 0
-31 -36 0
-31 -37 0
-31 -38 0
-31 -39 0
-31 -40 0
-31 -41 0
-31 -42 0
-31 -43 0
-31 -44 0
-31 -45 0
-31 -46 0
-31 -47 0
-31 -48 0
-32 -33 0
-32 -34 0
-32 -35 0
-32 -36 0
-32 -37 0
-32 -38 0
-32 -39 0
-32 -40 0
-32 -41 0
-32 -42 0
-32 -43 0
-32 -44 0
-32 -45 0
-32 -46 0
-32 -47 0
-32 -48 0
-33 -34 0
-33 -35 0
-33 -36 0
-33 -37 0
-33 -38 0
-33 -39 0
-33 -40 0
-33 -41 0
-33 -42 0
-33 -43 0
-33 -44 0
-33 -45 0
-33 -46 0
-33 -47 0
-33 -48 0
-34 -35 0
-34 -36 0
-34 -37 0
-34 -38 0
-34 -39 0
-34 -40 0
-34 -41 0
-34 -42 0
-34 -43 0
-34 -44 0
-34 -45 0
-34 -46 0
-34 -47 0
-34 -48 0
-35 -36 0
-35 -37 0
-35 -38 0
-35 -39 0
-35 -40 0
-35 -41 0
-35 -42 0
-35 -43 0
-35 -44 0
-35 -45 0
-35 -46 0
-35 -47 0
-35 -48 0
-36 -37 0
-36 -38 0
-36 -39 0
-36 -40 0
-36 -41 0
-36 -42 0
-36 -43 0
-36 -44 0
-36 -45 0
-36 -46 0
-36 -47 0
-36 -48 0
-37 -38 0
-37 -39 0
-37 -40 0
-37 -41 0
-37 -42 0
-37 -43 0
-37 -44 0
-37 -45 0
-37 -46 0
-37 -47 0
-37 -48 0
-38 -39 0
-38 -40 0
-38 -41 0
-38 -42 0
-38 -43 0
-38 -44 0
-38 -45 0
-38 -46 0
-38 -47 0
-38 -48 0
-39 -40 0
-39 -41 0
-39 -42 0
-39 -43 0
-39 -44 0
-39 -45 0
-39 -46 0
-39 -47 0
-39 -48 0
-40 -41 0
-40 -42 0
-40 -43 0
-40 -44 0
-40 -45 0
-40 -46 0
-40 -47 0
-40 -48 0
-41 -42 0
-41 -43 0
-41 -44 0
-41 -45 0
-41 -46 0
-41 -47 0
-41 -48 0
-42 -43 0
-42 -44 0
-42 -45 0
-42 -46 0
-42 -47 0
-42 -48 0
-43 -44 0
-43 -45 0
-43 -46 0
-43 -47 0
-43 -48 0
-44 -45 0
-44 -46 0
-44 -47 0
-44 -48 0
-45 -46 0
-45 -47 0
-45 -48 0
-46 -47 0
-46 -48 0
-47 -48 0
-49 -50 0
-49 -51 0
-49 -52 0
-49 -53 0
-49 -54 0
-49 -55 0
-49 -56 0
-49 -57 0
-49 -58 0
-49 -59 0
-49 -60 0
-49 -61 0
-49 -62 0
-49 -63 0
-49 -64 0
-49 -65 0
-49 -66 0
-49 -67 0
-49 -68 0
-49 -69 0
-49 -70 0
-49 -71 0
-49 -72 0
-49 -73 0
-49 -74 0
-49 -75 0
-49 -76 0
-49 -77 0
-49 -78 0
-49 -79 0
-49 -80 0
-49 -81 0
-49 -82 0
-49 -83 0
-49 -84 0
-50 -51 0
-50 -52 0
-50 -53 0
-50 -54 0
-50 -55 0
-50 -56 0
-50 -57 0
-50 -58 0
-50 -59 0
-50 -60 0
-50 -61 0
-50 -62 0
-50 -63 0
-50 -64 0
-50 -65 0
-50 -66 0
-50 -67 0
-50 -68 0
-50 -69 0
-50 -70 0
-50 -71 0
-50 -72 0
-50 -73 0
-50 -74 0
-50 -75 0
-50 -76 0
-50 -77 0
-50 -78 0
-50 -79 0
-50 -80 0
-50 -81 0
-50 -82 0
-50 -83 0
-50 -84 0
-51 -52 0
-51 -53 0
-51 -54 0
-51 -55 0
-51 -56 0
-51 -57 0
-51 -58 0
-51 -59 0
-51 -60 0
-51 -61 0
-51 -62 0
-51 -63 0
-51 -64 0
-51 -65 0
-51 -66 0
-51 -67 0
-51 -68 0
-51 -69 0
-51 -70 0
-51 -71 0
-51 -72 0
-51 -73 0
-51 -74 0
-51 -75 0
-51 -76 0
-51 -77 0
-51 -78 0
-51 -79 0
-51 -80 0
-51 -81 0
-51 -82 0
-51 -83 0
-51 -84 0
-52 -53 0
-52 -54 0
-52 -55 0
-52 -56 0
-52 -57 0
-52 -58 0
-52 -59 0
-52 -60 0
-52 -61 0
-52 -62 0
-52 -63 0
-52 -64 0
-52 -65 0
-52 -66 0
-52 -67 0
-52 -68 0
-52 -69 0
-52 -70 0
-52 -71 0
-52 -72 0
-52 -73 0
-52 -74 0
-52 -75 0
-52 -76 0
-52 -77 0
-52 -78 0
-52 -79 0
-52 -80 0
-52 -81 0
-52 -82 0
-52 -83 0
-52 -84 0
-53 -54 0
-53 -55 0
-53 -56 0
-53 -57 0
-53 -58 0
-53 -59 0
-53 -60 0
-53 -61 0
-53 -62 0
-53 -63 0
-53 -64 0
-53 -65 0
-53 -66 0
-53 -67 0
-53 -68 0
-53 -69 0
-53 -70 0
-53 -71 0
-53 -72 0
-53 -73 0
-53 -74 0
-53 -75 0
-53 -76 0
-53 -77 0
-53 -78 0
-53 -79 0
-53 -80 0
-53 -81 0
-53 -82 0
-53 -83 0
-53 -84 0
-54 -55 0
-54 -56 0
-54 -57 0
-54 -58 0
-54 -59 0
-54 -60 0
-54 -61 0
-54 -62 0
-54 -63 0
-54 -64 0
-54 -65 0
-54 -66 0
-54 -67 0
-54 -68 0
-54 -69 0
-54 -70 0
-54 -71 0
-54 -72 0
-54 -73 0
-54 -74 0
-54 -75 0
-54 -76 0
-54 -77 0
-54 -78 0
-54 -79 0
-54 -80 0
-54 -81 0
-54 -82 0
-54 -83 0
-54 -84 0
-55 -56 0
-55 -57 0
-55 -58 0
-55 -59 0
-55 -60 0
-55 -61 0
-55 -62 0
-55 -63 0
-55 -64 0
-55 -65 0
-55 -66 0
-55 -67 0
-55 -68 0
-55 -69 0
-55 -70 0
-55 -71 0
-55 -72 0
-55 -73 0
-55 -74 0
-55 -75 0
-55 -76 0
-55 -77 0
-55 -78 0
-55 -79 0
-55 -80 0
-55 -81 0
-55 -82 0
-55 -83 0
-55 -84 0
-56 -57 0
-56 -58 0
-56 -59 0
-56 -60 0
-56 -61 0
-56 -62 0
-56 -63 0
-56 -64 0
-56 -65 0
-56 -66 0
-56 -67 0
-56 -68 0
-56 -69 0
-56 -70 0
-56 -71 0
-56 -72 0
-56 -73 0
-56 -74 0
-56 -75 0
-56 -76 0
-56 -77 0
-56 -78 0
-56 -79 0
-56 -80 0
-56 -81 0
-56 -82 0
-56 -83 0
-56 -84 0
-57 -58 0
-57 -59 0
-57 -60 0
-57 -61 0
-57 -62 0
-57 -63 0
-57 -64 0
-57 -65 0
-57 -66 0
-57 -67 0
-57 -68 0
-57 -69 0
-57 -70 0
-57 -71 0
-57 -72 0
-57 -73 0
-57 -74 0
-57 -75 0
-57 -76 0
-57 -77 0
-57 -78 0
-57 -79 0
-57 -80 0
-57 -81 0
-57 -82 0
-57 -83 0
-57 -84 0
-58 -59 0
-58 -60 0
-58 -61 0
-58 -62 0
-58 -63 0
-58 -64 0
-58 -65 0
-58 -66 0
-58 -67 0
-58 -68 0
-58 -69 0
-58 -70 0
-58 -71 0
-58 -72 0
-58 -73 0
-58 -74 0
-58 -75 0
-58 -76 0
-58 -77 0
-58 -78 0
-58 -79 0
-58 -80 0
-58 -81 0
-58 -82 0
-58 -83 0
-58 -84 0
-59 -60 0
-59 -61 0
-59 -62 0
-59 -63 0
-59 -64 0
-59 -65 0
-59 -66 0
-59 -67 0
-59 -68 0
-59 -69 0
-59 -70 0
-59 -71 0
-59 -72 0
-59 -73 0
-59 -74 0
-59 -75 0
-59 -76 0
-59 -77 0
-59 -78 0
-59 -79 0
-59 -80 0
-59 -81 0
-59 -82 0
-59 -83 0
-59 -84 0
-60 -61 0
-60 -62 0
-60 -63 0
-60 -64 0
-60 -65 0
-60 -66 0
-60 -67 0
-60 -68 0
-60 -69 0
-60 -70 0
-60 -71 0
-60 -72 0
-60 -73 0
-60 -74 0
-60 -75 0
-60 -76 0
-60 -77 0
-60 -78 0
-60 -79 0
-60 -80 0
-60 -81 0
-60 -82 0
-60 -83 0
-60 -84 0
-61 -62 0
-61 -63 0
-61 -64 0
-61 -65 0
-61 -66 0
-61 -67 0
-61 -68 0
-61 -69 0
-61 -70 0
-61 -71 0
-61 -72 0
-61 -73 0
-61 -74 0
-61 -75 0
-61 -76 0
-61 -77 0
-61 -78 0
-61 -79 0
-61 -80 0
-61 -81 0
-61 -82 0
-61 -83 0
-61 -84 0
-62 -63 0
-62 -64 0
-62 -65 0
-62 -66 0
-62 -67 0
-62 -68 0
-62 -69 0
-62 -70 0
-62 -71 0
-62 -72 0
-62 -73 0
-62 -74 0
-62 -75 0
-62 -76 0
-62 -77 0
-62 -78 0
-62 -79 0
-62 -80 0
-62 -81 0
-62 -82 0
-62 -83 0
-62 -84 0
-63 -64 0
-63 -65 0
-63 -66 0
-63 -67 0
-63 -68 0
-63 -69 0
-63 -70 0
-63 -71 0
-63 -72 0
-63 -73 0
-63 -74 0
-63 -75 0
-63 -76 0
-63 -77 0
-63 -78 0
-63 -79 0
-63 -80 0
-63 -81 0
-63 -82 0
-63 -83 0
-63 -84 0
-64 -65 0
-64 -66 0
-64 -67 0
-64 -68 0
-64 -69 0
-64 -70 0
-64 -71 0
-64 -72 0
-64 -73 0
-64 -74 0
-64 -75 0
-64 -76 0
-64 -77 0
-64 -78 0
-64 -79 0
-64 -80 0
-64 -81 0
-64 -82 0
-64 -83 0
-64 -84 0
-65 -66 0
-65 -67 0
-65 -68 0
-65 -69 0
-65 -70 0
-65 -71 0
-65 -72 0
-65 -73 0
-65 -74 0
-65 -75 0
-65 -76 0
-65 -77 0
-65 -78 0
-65 -79 0
-65 -80 0
-65 -81 0
-65 -82 0
-65 -83 0
-65 -84 0
-66 -67 0
-66 -68 0
-66 -69 0
-66 -70 0
-66 -71 0
-66 -72 0
-66 -73 0
-66 -74 0
-66 -75 0
-66 -76 0
-66 -77 0
-66 -78 0
-66 -79 0
-66 -80 0
-66 -81 0
-66 -82 0
-66 -83 0
-66 -84 0
-67 -68 0
-67 -69 0
-67 -70 0
-67 -71 0
-67 -72 0
-67 -73 0
-67 -74 0
-67 -75 0
-67 -76 0
-67 -77 0
-67 -78 0
-67 -79 0
-67 -80 0
-67 -81 0
-67 -82 0
-67 -83 0
-67 -84 0
-68 -69 0
-68 -70 0
-68 -71 0
-68 -72 0
-68 -73 0
-68 -74 0
-68 -75 0
-68 -76 0
-68 -77 0
-68 -78 0
-68 -79 0
-68 -80 0
-68 -81 0
-68 -82 0
-68 -83 0
-68 -84 0
-69 -70 0
-69 -71 0
-69 -72 0
-69 -73 0
-69 -74 0
-69 -75 0
-69 -76 0
-69 -77 0
-69 -78 0
-69 -79 0
-69 -80 0
-69 -81 0
-69 -82 0
-69 -83 0
-69 -84 0
-70 -71 0
-70 -72 0
-70 -73 0
-70 -74 0
-70 -75 0
-70 -76 0
-70 -77 0
-70 -78 0
-70 -79 0
-70 -80 0
-70 -81 0
-70 -82 0
-70 -83 0
-70 -84 0
-71 -72 0
-71 -73 0
-71 -74 0
-71 -75 0
-71 -76 0
-71 -77 0
-71 -78 0
-71 -79 0
-71 -80 0
-71 -81 0
-71 -82 0
-71 -83 0
-71 -84 0
-72 -73 0
-72 -74 0
-72 -75 0
-72 -76 0
-72 -77 0
-72 -78 0
-72 -79 0
-72 -80 0
-72 -81 0
-72 -82 0
-72 -83 0
-72 -84 0
-73 -74 0
-73 -75 0
-73 -76 0
-73 -77 0
-73 -78 0
-73 -79 0
-73 -80 0
-73 -81 0
-73 -82 0
-73 -83 0
-73 -84 0
-74 -75 0
-74 -76 0
-74 -77 0
-74 -78 0
-74 -79 0
-74 -80 0
-74 -81 0
-74 -82 0
-74 -83 0
-74 -84 0
-75 -76 0
-75 -77 0
-75 -78 0
-75 -79 0
-75 -80 0
-75 -81 0
-75 -82 0
-75 -83 0
-75 -84 0
-76 -77 0
-76 -78 0
-76 -79 0
-76 -80 0
-76 -81 0
-76 -82 0
-76 -83 0
-76 -84 0
-77 -78 0
-77 -79 0
-77 -80 0
-77 -81 0
-77 -82 0
-77 -83 0
-77 -84 0
-78 -79 0
-78 -80 0
-78 -81 0
-78 -82 0
-78 -83 0
-78 -84 0
-79 -80 0
-79 -81 0
-79 -82 0
-79 -83 0
-79 -84 0
-80 -81 0
-80 -82 0
-80 -83 0
-80 -84 0
-81 -82 0
-81 -83 0
-81 -84 0
-82 -83 0
-82 -84 0
-83 -84 0
-85 -86 0
-85 -87 0
-85 -88 0
-85 -89 0
-85 -90 0
-85 -91 0
-85 -92 0
-85 -93 0
-85 -94 0
-85 -95 0
-85 -96 0
-85 -97 0
-85 -98 0
-85 -99 0
-85 -100 0
-85 -101 0
-85 -102 0
-85 -103 0
-85 -104 0
-85 -105 0
-85 -106 0
-85 -107 0
-85 -108 0
-85 -109 0
-85 -110 0
-85 -111 0
-85 -112 0
-85 -113 0
-85 -114 0
-85 -115 0
-85 -116 0
-85 -117 0
-85 -118 0
-85 -119 0
-85 -120 0
-85 -121 0
-85 -122 0
-85 -123 0
-85 -124 0
-85 -125 0
-85 -126 0
-85 -127 0
-85 -128 0
-85 -129 0
-85 -130 0
-85 -131 0
-85 -132 0
-85 -133 0
-85 -134 0
-85 -135 0
-85 -136 0
-85 -137 0
-85 -138 0
-85 -139 0
-85 -140 0
-85 -141 0
-85 -142 0
-85 -143 0
-85 -144 0
-86 -87 0
-86 -88 0
-86 -89 0
-86 -90 0
-86 -91 0
-86 -92 0
-86 -93 0
-86 -94 0
-86 -95 0
-86 -96 0
-86 -97 0
-86 -98 0
-86 -99 0
-86 -100 0
-86 -101 0
-86 -102 0
-86 -103 0
-86 -104 0
-86 -105 0
-86 -106 0
-86 -107 0
-86 -108 0
-86 -109 0
-86 -110 0
-86 -111 0
-86 -112 0
-86 -113 0
-86 -114 0
-86 -115 0
-86 -116 0
-86 -117 0
-86 -118 0
-86 -119 0
-86 -120 0
-86 -121 0
-86 -122 0
-86 -123 0
-86 -124 0
-86 -125 0
-86 -126 0
-86 -127 0
-86 -128 0
-86 -129 0
-86 -130 0
-86 -131 0
-86 -132 0
-86 -133 0
-86 -134 0
-86 -135 0
-86 -136 0
-86 -137 0
-86 -138 0
-86 -139 0
-86 -140 0
-86 -141 0
-86 -142 0
-86 -143 0
-86 -144 0
-87 -88 0
-87 -89 0
-87 -90 0
-87 -91 0
-87 -92 0
-87 -93 0
-87 -94 0
-87 -95 0
-87 -96 0
-87 -97 0
-87 -98 0
-87 -99 0
-87 -100 0
-87 -101 0
-87 -102 0
-87 -103 0
-87 -104 0
-87 -105 0
-87 -106 0
-87 -107 0
-87 -108 0
-87 -109 0
-87 -110 0
-87 -111 0
-87 -112 0
-87 -113 0
-87 -114 0
-87 -115 0
-87 -116 0
-87 -117 0
-87 -118 0
-87 -119 0
-87 -120 0
-87 -121 0
-87 -122 0
-87 -123 0
-87 -124 0
-87 -125 0
-87 -126 0
-87 -127 0
-87 -128 0
-87 -129 0
-87 -130 0
-87 -131 0
-87 -132 0
-87 -133 0
-87 -134 0
-87 -135 0
-87 -136 0
-87 -137 0
-87 -138 0
-87 -139 0
-87 -140 0
-87 -141 0
-87 -142 0
-87 -143 0
-87 -144 0
-88 -89 0
-88 -90 0
-88 -91 0
-88 -92 0
-88 -93 0
-88 -94 0
-88 -95 0
-88 -96 0
-88 -97 0
-88 -98 0
-88 -99 0
-88 -100 0
-88 -101 0
-88 -102 0
-88 -103 0
-88 -104 0
-88 -105 0
-88 -106 0
-88 -107 0
-88 -108 0
-88 -109 0
-88 -110 0
-88 -111 0
-88 -112 0
-88 -113 0
-88 -114 0
-88 -115 0
-88 -116 0
-88 -117 0
-88 -118 0
-88 -119 0
-88 -120 0
-88 -121 0
-88 -122 0
-88 -123 0
-88 -124 0
-88 -125 0
-88 -126 0
-88 -127 0
-88 -128 0
-88 -129 0
-88 -130 0
-88 -131 0
-88 -132 0
-88 -133 0
-88 -134 0
-88 -135 0
-88 -136 0
-88 -137 0
-88 -138 0
-88 -139 0
-88 -140 0
-88 -141 0
-88 -142 0
-88 -143 0
-88 -144 0
-89 -90 0
-89 -91 0
-89 -92 0
-89 -93 0
-89 -94 0
-89 -95 0
-89 -96 0
-89 -97 0
-89 -98 0
-89 -99 0
-89 -100 0
-89 -101 0
-89 -102 0
-89 -103 0
-89 -104 0
-89 -105 0
-89 -106 0
-89 -107 0
-89 -108 0
-89 -109 0
-89 -110 0
-89 -111 0
-89 -112 0
-89 -113 0
-89 -114 0
-89 -115 0
-89 -116 0
-89 -117 0
-89 -118 0
-89 -119 0
-89 -120 0
-89 -121 0
-89 -122 0
-89 -123 0
-89 -124 0
-89 -125 0
-89 -126 0
-89 -127 0
-89 -128 0
-89 -129 0
-89 -130 0
-89 -131 0
-89 -132 0
-89 -133 0
-89 -134 0
-89 -135 0
-89 -136 0
-89 -137 0
-89 -138 0
-89 -139 0
-89 -140 0
-89 -141 0
-89 -142 0
-89 -143 0
-89 -144 0
-90 -91 0
-90 -92 0
-90 -93 0
-90 -94 0
-90 -95 0
-90 -96 0
-90 -97 0
-90 -98 0
-90 -99 0
-90 -100 0
-90 -101 0
-90 -102 0
-90 -103 0
-90 -104 0
-90 -105 0
-90 -106 0
-90 -107 0
-90 -108 0
-90 -109 0
-90 -110 0
-90 -111 0
-90 -112 0
-90 -113 0
-90 -114 0
-90 -115 0
-90 -116 0
-90 -117 0
-90 -118 0
-90 -119 0
-90 -120 0
-90 -121 0
-90 -122 0
-90 -123 0
-90 -124 0
-90 -125 0
-90 -126 0
-90 -127 0
-90 -128 0
-90 -129 0
-90 -130 0
-90 -131 0
-90 -132 0
-90 -133 0
-90 -134 0
-90 -135 0
-90 -136 0
-90 -137 0
-90 -138 0
-90 -139 0
-90 -140 0
-90 -141 0
-90 -142 0
-90 -143 0
-90 -144 0
-91 -92 0
-91 -93 0
-91 -94 0
-91 -95 0
-91 -96 0
-91 -97 0
-91 -98 0
-91 -99 0
-91 -100 0
-91 -101 0
-91 -102 0
-91 -103 0
-91 -104 0
-91 -105 0
-91 -106 0
-91 -107 0
-91 -108 0
-91 -109 0
-91 -110 0
-91 -111 0
-91 -112 0
-91 -113 0
-91 -114 0
-91 -115 0
-91 -116 0
-91 -117 0
-91 -118 0
-91 -119 0
-91 -120 0
-91 -121 0
-91 -122 0
-91 -123 0
-91 -124 0
-91 -125 0
-91 -126 0
-91 -127 0
-91 -128 0
-91 -129 0
-91 -130 0
-91 -131 0
-91 -132 0
-91 -133 0
-91 -134 0
-91 -135 0
-91 -136 0
-91 -137 0
-91 -138 0
-91 -139 0
-91 -140 0
-91 -141 0
-91 -142 0
-91 -143 0
-91 -144 0
-92 -93 0
-92 -94 0
-92 -95 0
-92 -96 0
-92 -97 0
-92 -98 0
-92 -99 0
-92 -100 0
-92 -101 0
-92 -102 0
-92 -103 0
-92 -104 0
-92 -105 0
-92 -106 0
-92 -107 0
-92 -108 0
-92 -109 0
-92 -110 0
-92 -111 0
-92 -112 0
-92 -113 0
-92 -114 0
-92 -115 0
-92 -116 0
-92 -117 0
-92 -118 0
-92 -119 0
-92 -120 0
-92 -121 0
-92 -122 0
-92 -123 0
-92 -124 0
-92 -125 0
-92 -126 0
-92 -127 0
-92 -128 0
-92 -129 0
-92 -130 0
-92 -131 0
-92 -132 0
-92 -133 0
-92 -134 0
-92 -135 0
-92 -136 0
-92 -137 0
-92 -138 0
-92 -139 0
-92 -140 0
-92 -141 0
-92 -142 0
-92 -143 0
-92 -144 0
-93 -94 0
-93 -95 0
-93 -96 0
-93 -97 0
-93 -98 0
-93 -99 0
-93 -100 0
-93 -101 0
-93 -102 0
-93 -103 0
-93 -104 0
-93 -105 0
-93 -106 0
-93 -107 0
-93 -108 0
-93 -109 0
-93 -110 0
-93 -111 0
-93 -112 0
-93 -113 0
-93 -114 0
-93 -115 0
-93 -116 0
-93 -117 0
-93 -118 0
-93 -119 0
-93 -120 0
-93 -121 0
-93 -122 0
-93 -123 0
-93 -124 0
-93 -125 0
-93 -126 0
-93 -127 0
-93 -128 0
-93 -129 0
-93 -130 0
-93 -131 0
-93 -132 0
-93 -133 0
-93 -134 0
-93 -135 0
-93 -136 0
-93 -137 0
-93 -138 0
-93 -139 0
-93 -140 0
-93 -141 0
-93 -142 0
-93 -143 0
-93 -144 0
-94 -95 0
-94 -96 0
-94 -97 0
-94 -98 0
-94 -99 0
-94 -100 0
-94 -101 0
-94 -102 0
-94 -103 0
-94 -104 0
-94 -105 0
-94 -106 0
-94 -107 0
-94 -108 0
-94 -109 0
-94 -110 0
-94 -111 0
-94 -112 0
-94 -113 0
-94 -114 0
-94 -115 0
-94 -116 0
-94 -117 0
-94 -118 0
-94 -119 0
-94 -120 0
-94 -121 0
-94 -122 0
-94 -123 0
-94 -124 0
-94 -125 0
-94 -126 0
-94 -127 0
-94 -128 0
-94 -129 0
-94 -130 0
-94 -131 0
-94 -132 0
-94 -133 0
-94 -134 0
-94 -135 0
-94 -136 0
-94 -137 0
-94 -138 0
-94 -139 0
-94 -140 0
-94 -141 0
-94 -142 0
-94 -143 0
-94 -144 0
-95 -96 0
-95 -97 0
-95 -98 0
-95 -99 0
-95 -100 0
-95 -101 0
-95 -102 0
-95 -103 0
-95 -104 0
-95 -105 0
-95 -106 0
-95 -107 0
-95 -108 0
-95 -109 0
-95 -110 0
-95 -111 0
-95 -112 0
-95 -113 0
-95 -114 0
-95 -115 0
-95 -116 0
-95 -117 0
-95 -118 0
-95 -119 0
-95 -120 0
-95 -121 0
-95 -122 0
-95 -123 0
-95 -124 0
-95 -125 0
-95 -126 0
-95 -127 0
-95 -128 0
-95 -129 0
-95 -130 0
-95 -131 0
-95 -132 0
-95 -133 0
-95 -134 0
-95 -135 0
-95 -136 0
-95 -137 0
-95 -138 0
-95 -139 0
-95 -140 0
-95 -141 0
-95 -142 0
-95 -143 0
-95 -144 0
-96 -97 0
-96 -98 0
-96 -99 0
-96 -100 0
-96 -101 0
-96 -102 0
-96 -103 0
-96 -104 0
-96 -105 0
-96 -106 0
-96 -107 0
-96 -108 0
-96 -109 0
-96 -110 0
-96 -111 0
-96 -112 0
-96 -113 0
-96 -114 0
-96 -115 0
-96 -116 0
-96 -117 0
-96 -118 0
-96 -119 0
-96 -120 0
-96 -121 0
-96 -122 0
-96 -123 0
-96 -124 0
-96 -125 0
-96 -126 0
-96 -127 0
-96 -128 0
-96 -129 0
-96 -130 0
-96 -131 0
-96 -132 0
-96 -133 0
-96 -134 0
-96 -135 0
-96 -136 0
-96 -137 0
-96 -138 0
-96 -139 0
-96 -140 0
-96 -141 0
-96 -142 0
-96 -143 0
-96 -144 0
-97 -98 0
-97 -99 0
-97 -100 0
-97 -101 0
-97 -102 0
-97 -103 0
-97 -104 0
-97 -105 0
-97 -106 0
-97 -107 0
-97 -108 0
-97 -109 0
-97 -110 0
-97 -111 0
-97 -112 0
-97 -113 0
-97 -114 0
-97 -115 0
-97 -116 0
-97 -117 0
-97 -118 0
-97 -119 0
-97 -120 0
-97 -121 0
-97 -122 0
-97 -123 0
-97 -124 0
-97 -125 0
-97 -126 0
-97 -127 0
-97 -128 0
-97 -129 0
-97 -130 0
-97 -131 0
-97 -132 0
-97 -133 0
-97 -134 0
-97 -135 0
-97 -136 0
-97 -137 0
-97 -138 0
-97 -139 0
-97 -140 0
-97 -141 0
-97 -142 0
-97 -143 0
-97 -144 0
-98 -99 0
-98 -100 0
-98 -101 0
-98 -102 0
-98 -103 0
-98 -104 0
-98 -105 0
-98 -106 0
-98 -107 0
-98 -108 0
-98 -109 0
-98 -110 0
-98 -111 0
-98 -112 0
-98 -113 0
-98 -114 0
-98 -115 0
-98 -116 0
-98 -117 0
-98 -118 0
-98 -119 0
-98 -120 0
-98 -121 0
-98 -122 0
-98 -123 0
-98 -124 0
-98 -125 0
-98 -126 0
-98 -127 0
-98 -128 0
-98 -129 0
-98 -130 0
-98 -131 0
-98 -132 0
-98 -133 0
-98 -134 0
-98 -135 0
-98 -136 0
-98 -137 0
-98 -138 0
-98 -139 0
-98 -140 0
-98 -141 0
-98 -142 0
-98 -143 0
-98 -144 0
-99 -100 0
-99 -101 0
-99 -102 0
-99 -103 0
-99 -104 0
-99 -105 0
-99 -106 0
-99 -107 0
-99 -108 0
-99 -109 0
-99 -110 0
-99 -111 0
-99 -112 0
-99 -113 0
-99 -114 0
-99 -115 0
-99 -116 0
-99 -117 0
-99 -118 0
-99 -119 0
-99 -120 0
-99 -121 0
-99 -122 0
-99 -123 0
-99 -124 0
-99 -125 0
-99 -126 0
-99 -127 0
-99 -128 0
-99 -129 0
-99 -130 0
-99 -131 0
-99 -132 0
-99 -133 0
-99 -134 0
-99 -135 0
-99 -136 0
-99 -137 0
-99 -138 0
-99 -139 0
-99 -140 0
-99 -141 0
-99 -142 0
-99 -143 0
-99 -144 0
-100 -101 0
-100 -102 0
-100 -103 0
-100 -104 0
-100 -105 0
-100 -106 0
-100 -107 0
-100 -108 0
-100 -109 0
-100 -110 0
-100 -111 0
-100 -112 0
-100 -113 0
-100 -114 0
-100 -115 0
-100 -116 0
-100 -117 0
-100 -118 0
-100 -119 0
-100 -120 0
-100 -121 0
-100 -122 0
-100 -123 0
-100 -124 0
-100 -125 0
-100 -126 0
-100 -127 0
-100 -128 0
-100 -129 0
-100 -130 0
-100 -131 0
-100 -132 0
-100 -133 0
-100 -134 0
-100 -135 0
-100 -136 0
-100 -137 0
-100 -138 0
-100 -139 0
-100 -140 0
-100 -141 0
-100 -142 0
-100 -143 0
-100 -144 0
-101 -102 0
-101 -103 0
-101 -104 0
-101 -105 0
-101 -106 0
-101 -107 0
-101 -108 0
-101 -109 0
-101 -110 0
-101 -111 0
-101 -112 0
-101 -113 0
-101 -114 0
-101 -115 0
-101 -116 0
-101 -117 0
-101 -118 0
-101 -119 0
-101 -120 0
-101 -121 0
-101 -122 0
-101 -123 0
-101 -124 0
-101 -125 0
-101 -126 0
-101 -127 0
-101 -128 0
-101 -129 0
-101 -130 0
-101 -131 0
-101 -132 0
-101 -133 0
-101 -134 0
-101 -135 0
-101 -136 0
-101 -137 0
-101 -138 0
-101 -139 0
-101 -140 0
-101 -141 0
-101 -142 0
-101 -143 0
-101 -144 0
-102 -103 0
-102 -104 0
-102 -105 0
-102 -106 0
-102 -107 0
-102 -108 0
-102 -109 0
-102 -110 0
-102 -111 0
-102 -112 0
-102 -113 0
-102 -114 0
-102 -115 0
-102 -116 0
-102 -117 0
-102 -118 0
-102 -119 0
-102 -120 0
-102 -121 0
-102 -122 0
-102 -123 0
-102 -124 0
-102 -125 0
-102 -126 0
-102 -127 0
-102 -128 0
-102 -129 0
-102 -130 0
-102 -131 0
-102 -132 0
-102 -133 0
-102 -134 0
-102 -135 0
-102 -136 0
-102 -137 0
-102 -138 0
-102 -139 0
-102 -140 0
-102 -141 0
-102 -142 0
-102 -143 0
-102 -144 0
-103 -104 0
-103 -105 0
-103 -106 0
-103 -107 0
-103 -108 0
-103 -109 0
-103 -110 0
-103 -111 0
-103 -112 0
-103 -113 0
-103 -114 0
-103 -115 0
-103 -116 0
-103 -117 0
-103 -118 0
-103 -119 0
-103 -120 0
-103 -121 0
-103 -122 0
-103 -123 0
-103 -124 0
-103 -125 0
-103 -126 0
-103 -127 0
-103 -128 0
-103 -129 0
-103 -130 0
-103 -131 0
-103 -132 0
-103 -133 0
-103 -134 0
-103 -135 0
-103 -136 0
-103 -137 0
-103 -138 0
-103 -139 0
-103 -140 0
-103 -141 0
-103 -142 0
-103 -143 0
-103 -144 0
-104 -105 0
-104 -106 0
-104 -107 0
-104 -108 0
-104 -109 0
-104 -110 0
-104 -111 0
-104 -112 0
-104 -113 0
-104 -114 0
-104 -115 0
-104 -116 0
-104 -117 0
-104 -118 0
-104 -119 0
-104 -120 0
-104 -121 0
-104 -122 0
-104 -123 0
-104 -124 0
-104 -125 0
-104 -126 0
-104 -127 0
-104 -128 0
-104 -129 0
-104 -130 0
-104 -131 0
-104 -132 0
-104 -133 0
-104 -134 0
-104 -135 0
-104 -136 0
-104 -137 0
-104 -138 0
-104 -139 0
-104 -140 0
-104 -141 0
-104 -142 0
-104 -143 0
-104 -144 0
-105 -106 0
-105 -107 0
-105 -108 0
-105 -109 0
-105 -110 0
-105 -111 0
-105 -112 0
-105 -113 0
-105 -114 0
-105 -115 0
-105 -116 0
-105 -117 0
-105 -118 0
-105 -119 0
-105 -120 0
-105 -121 0
-105 -122 0
-105 -123 0
-105 -124 0
-105 -125 0
-105 -126 0
-105 -127 0
-105 -128 0
-105 -129 0
-105 -130 0
-105 -131 0
-105 -132 0
-105 -133 0
-105 -134 0
-105 -135 0
-105 -136 0
-105 -137 0
-105 -138 0
-105 -139 0
-105 -140 0
-105 -141 0
-105 -142 0
-105 -143 0
-105 -144 0
-106 -107 0
-106 -108 0
-106 -109 0
-106 -110 0
-106 -111 0
-106 -112 0
-106 -113 0
-106 -114 0
-106 -115 0
-106 -116 0
-106 -117 0
-106 -118 0
-106 -119 0
-106 -120 0
-106 -121 0
-106 -122 0
-106 -123 0
-106 -124 0
-106 -125 0
-106 -126 0
-106 -127 0
-106 -128 0
-106 -129 0
-106 -130 0
-106 -131 0
-106 -132 0
-106 -133 0
-106 -134 0
-106 -135 0
-106 -136 0
-106 -137 0
-106 -138 0
-106 -139 0
-106 -140 0
-106 -141 0
-106 -142 0
-106 -143 0
-106 -144 0
-107 -108 0
-107 -109 0
-107 -110 0
-107 -111 0
-107 -112 0
-107 -113 0
-107 -114 0
-107 -115 0
-107 -116 0
-107 -117 0
-107 -118 0
-107 -119 0
-107 -120 0
-107 -121 0
-107 -122 0
-107 -123 0
-107 -124 0
-107 -125 0
-107 -126 0
-107 -127 0
-107 -128 0
-107 -129 0
-107 -130 0
-107 -131 0
-107 -132 0
-107 -133 0
-107 -134 0
-107 -135 0
-107 -136 0
-107 -137 0
-107 -138 0
-107 -139 0
-107 -140 0
-107 -141 0
-107 -142 0
-107 -143 0
-107 -144 0
-108 -109 0
-108 -110 0
-108 -111 0
-108 -112 0
-108 -113 0
-108 -114 0
-108 -115 0
-108 -116 0
-108 -117 0
-108 -118 0
-108 -119 0
-108 -120 0
-108 -121 0
-108 -122 0
-108 -123 0
-108 -124 0
-108 -125 0
-108 -126 0
-108 -127 0
-108 -128 0
-108 -129 0
-108 -130 0
-108 -131 0
-108 -132 0
-108 -133 0
-108 -134 0
-108 -135 0
-108 -136 0
-108 -137 0
-108 -138 0
-108 -139 0
-108 -140 0
-108 -141 0
-108 -142 0
-108 -143 0
-108 -144 0
-109 -110 0
-109 -111 0
-109 -112 0
-109 -113 0
-109 -114 0
-109 -115 0
-109 -116 0
-109 -117 0
-109 -118 0
-109 -119 0
-109 -120 0
-109 -121 0
-109 -122 0
-109 -123 0
-109 -124 0
-109 -125 0
-109 -126 0
-109 -127 0
-109 -128 0
-109 -129 0
-109 -130 0
-109 -131 0
-109 -132 0
-109 -133 0
-109 -134 0
-109 -135 0
-109 -136 0
-109 -137 0
-109 -138 0
-109 -139 0
-109 -140 0
-109 -141 0
-109 -142 0
-109 -143 0
-109 -144 0
-110 -111 0
-110 -112 0
-110 -113 0
-110 -114 0
-110 -115 0
-110 -116 0
-110 -117 0
-110 -118 0
-110 -119 0
-110 -120 0
-110 -121 0
-110 -122 0
-110 -123 0
-110 -124 0
-110 -125 0
-110 -126 0
-110 -127 0
-110 -128 0
-110 -129 0
-110 -130 0
-110 -131 0
-110 -132 0
-110 -133 0
-110 -134 0
-110 -135 0
-110 -136 0
-110 -137 0
-110 -138 0
-110 -139 0
-110 -140 0
-110 -141 0
-110 -142 0
-110 -143 0
-110 -144 0
-111 -112 0
-111 -113 0
-111 -114 0
-111 -115 0
-111 -116 0
-111 -117 0
-111 -118 0
-111 -119 0
-111 -120 0
-111 -121 0
-111 -122 0
-111 -123 0
-111 -124 0
-111 -125 0
-111 -126 0
-111 -127 0
-111 -128 0
-111 -129 0
-111 -130 0
-111 -131 0
-111 -132 0
-111 -133 0
-111 -134 0
-111 -135 0
-111 -136 0
-111 -137 0
-111 -138 0
-111 -139 0
-111 -140 0
-111 -141 0
-111 -142 0
-111 -143 0
-111 -144 0
-112 -113 0
-112 -114 0
-112 -115 0
-112 -116 0
-112 -117 0
-112 -118 0
-112 -119 0
-112 -120 0
-112 -121 0
-112 -122 0
-112 -123 0
-112 -124 0
-112 -125 0
-112 -126 0
-112 -127 0
-112 -128 0
-112 -129 0
-112 -130 0
-112 -131 0
-112 -132 0
-112 -133 0
-112 -134 0
-112 -135 0
-112 -136 0
-112 -137 0
-112 -138 0
-112 -139 0
-112 -140 0
-112 -141 0
-112 -142 0
-112 -143 0
-112 -144 0
-113 -114 0
-113 -115 0
-113 -116 0
-113 -117 0
-113 -118 0
-113 -119 0
-113 -120 0
-113 -121 0
-113 -122 0
-113 -123 0
-113 -124 0
-113 -125 0
-113 -126 0
-113 -127 0
-113 -128 0
-113 -129 0
-113 -130 0
-113 -131 0
-113 -132 0
-113 -133 0
-113 -134 0
-113 -135 0
-113 -136 0
-113 -137 0
-113 -138 0
-113 -139 0
-113 -140 0
-113 -141 0
-113 -142 0
-113 -143 0
-113 -144 0
-114 -115 0
-114 -116 0
-114 -117 0
-114 -118 0
-114 -119 0
-114 -120 0
-114 -121 0
-114 -122 0
-114 -123 0
-114 -124 0
-114 -125 0
-114 -126 0
-114 -127 0
-114 -128 0
-114 -129 0
-114 -130 0
-114 -131 0
-114 -132 0
-114 -133 0
-114 -134 0
-114 -135 0
-114 -136 0
-114 -137 0
-114 -138 0
-114 -139 0
-114 -140 0
-114 -141 0
-114 -142 0
-114 -143 0
-114 -144 0
-115 -116 0
-115 -117 0
-115 -118 0
-115 -119 0
-115 -120 0
-115 -121 0
-115 -122 0
-115 -123 0
-115 -124 0
-115 -125 0
-115 -126 0
-115 -127 0
-115 -128 0
-115 -129 0
-115 -130 0
-115 -131 0
-115 -132 0
-115 -133 0
-115 -134 0
-115 -135 0
-115 -136 0
-115 -137 0
-115 -138 0
-115 -139 0
-115 -140 0
-115 -141 0
-115 -142 0
-115 -143 0
-115 -144 0
-116 -117 0
-116 -118 0
-116 -119 0
-116 -120 0
-116 -121 0
-116 -122 0
-116 -123 0
-116 -124 0
-116 -125 0
-116 -126 0
-116 -127 0
-116 -128 0
-116 -129 0
-116 -130 0
-116 -131 0
-116 -132 0
-116 -133 0
-116 -134 0
-116 -135 0
-116 -136 0
-116 -137 0
-116 -138 0
-116 -139 0
-116 -140 0
-116 -141 0
-116 -142 0
-116 -143 0
-116 -144 0
-117 -118 0
-117 -119 0
-117 -120 0
-117 -121 0
-117 -122 0
-117 -123 0
-117 -124 0
-117 -125 0
-117 -126 0
-117 -127 0
-117 -128 0
-117 -129 0
-117 -130 0
-117 -131 0
-117 -132 0
-117 -133 0
-117 -134 0
-117 -135 0
-117 -136 0
-117 -137 0
-117 -138 0
-117 -139 0
-117 -140 0
-117 -141 0
-117 -142 0
-117 -143 0
-117 -144 0
-118 -119 0
-118 -120 0
-118 -121 0
-118 -122 0
-118 -123 0
-118 -124 0
-118 -125 0
-118 -126 0
-118 -127 0
-118 -128 0
-118 -129 0
-118 -130 0
-118 -131 0
-118 -132 0
-118 -133 0
-118 -134 0
-118 -135 0
-118 -136 0
-118 -137 0
-118 -138 0
-118 -139 0
-118 -140 0
-118 -141 0
-118 -142 0
-118 -143 0
-118 -144 0
-119 -120 0
-119 -121 0
-119 -122 0
-119 -123 0
-119 -124 0
-119 -125 0
-119 -126 0
-119 -127 0
-119 -128 0
-119 -129 0
-119 -130 0
-119 -131 0
-119 -132 0
-119 -133 0
-119 -134 0
-119 -135 0
-119 -136 0
-119 -137 0
-119 -138 0
-119 -139 0
-119 -140 0
-119 -141 0
-119 -142 0
-119 -143 0
-119 -144 0
-120 -121 0
-120 -122 0
-120 -123 0
-120 -124 0
-120 -125 0
-120 -126 0
-120 -127 0
-120 -128 0
-120 -129 0
-120 -130 0
-120 -131 0
-120 -132 0
-120 -133 0
-120 -134 0
-120 -135 0
-120 -136 0
-120 -137 0
-120 -138 0
-120 -139 0
-120 -140 0
-120 -141 0
-120 -142 0
-120 -143 0
-120 -144 0
-121 -122 0
-121 -123 0
-121 -124 0
-121 -125 0
-121 -126 0
-121 -127 0
-121 -128 0
-121 -129 0
-121 -130 0
-121 -131 0
-121 -132 0
-121 -133 0
-121 -134 0
-121 -135 0
-121 -136 0
-121 -137 0
-121 -138 0
-121 -139 0
-121 -140 0
-121 -141 0
-121 -142 0
-121 -143 0
-121 -144 0
-122 -123 0
-122 -124 0
-122 -125 0
-122 -126 0
-122 -127 0
-122 -128 0
-122 -129 0
-122 -130 0
-122 -131 0
-122 -132 0
-122 -133 0
-122 -134 0
-122 -135 0
-122 -136 0
-122 -137 0
-122 -138 0
-122 -139 0
-122 -140 0
-122 -141 0
-122 -142 0
-122 -143 0
-122 -144 0
-123 -124 0
-123 -125 0
-123 -126 0
-123 -127 0
-123 -128 0
-123 -129 0
-123 -130 0
-123 -131 0
-123 -132 0
-123 -133 0
-123 -134 0
-123 -135 0
-123 -136 0
-123 -137 0
-123 -138 0
-123 -139 0
-123 -140 0
-123 -141 0
-123 -142 0
-123 -143 0
-123 -144 0
-124 -125 0
-124 -126 0
-124 -127 0
-124 -128 0
-124 -129 0
-124 -130 0
-124 -131 0
-124 -132 0
-124 -133 0
-124 -134 0
-124 -135 0
-124 -136 0
-124 -137 0
-124 -138 0
-124 -139 0
-124 -140 0
-124 -141 0
-124 -142 0
-124 -143 0
-124 -144 0
-125 -126 0
-125 -127 0
-125 -128 0
-125 -129 0
-125 -130 0
-125 -131 0
-125 -132 0
-125 -133 0
-125 -134 0
-125 -135 0
-125 -136 0
-125 -137 0
-125 -138 0
-125 -139 0
-125 -140 0
-125 -141 0
-125 -142 0
-125 -143 0
-125 -144 0
-126 -127 0
-126 -128 0
-126 -129 0
-126 -130 0
-126 -131 0
-126 -132 0
-126 -133 0
-126 -134 0
-126 -135 0
-126 -136 0
-126 -137 0
-126 -138 0
-126 -139 0
-126 -140 0
-126 -141 0
-126 -142 0
-126 -143 0
-126 -144 0
-127 -128 0
-127 -129 0
-127 -130 0
-127 -131 0
-127 -132 0
-127 -133 0
-127 -134 0
-127 -135 0
-127 -136 0
-127 -137 0
-127 -138 0
-127 -139 0
-127 -140 0
-127 -141 0
-127 -142 0
-127 -143 0
-127 -144 0
-128 -129 0
-128 -130 0
-128 -131 0
-128 -132 0
-128 -133 0
-128 -134 0
-128 -135 0
-128 -136 0
-128 -137 0
-128 -138 0
-128 -139 0
-128 -140 0
-128 -141 0
-128 -142 0
-128 -143 0
-128 -144 0
-129 -130 0
-129 -131 0
-129 -132 0
-129 -133 0
-129 -134 0
-129 -135 0
-129 -136 0
-129 -137 0
-129 -138 0
-129 -139 0
-129 -140 0
-129 -141 0
-129 -142 0
-129 -143 0
-129 -144 0
-130 -131 0
-130 -132 0
-130 -133 0
-130 -134 0
-130 -135 0
-130 -136 0
-130 -137 0
-130 -138 0
-130 -139 0
-130 -140 0
-130 -141 0
-130 -142 0
-130 -143 0
-130 -144 0
-131 -132 0
-131 -133 0
-131 -134 0
-131 -135 0
-131 -136 0
-131 -137 0
-131 -138 0
-131 -139 0
-131 -140 0
-131 -141 0
-131 -142 0
-131 -143 0
-131 -144 0
-132 -133 0
-132 -134 0
-132 -135 0
-132 -136 0
-132 -137 0
-132 -138 0
-132 -139 0
-132 -140 0
-132 -141 0
-132 -142 0
-132 -143 0
-132 -144 0
-133 -134 0
-133 -135 0
-133 -136 0
-133 -137 0
-133 -138 0
-133 -139 0
-133 -140 0
-133 -141 0
-133 -142 0
-133 -143 0
-133 -144 0
-134 -135 0
-134 -136 0
-134 -137 0
-134 -138 0
-134 -139 0
-134 -140 0
-134 -141 0
-134 -142 0
-134 -143 0
-134 -144 0
-135 -136 0
-135 -137 0
-135 -138 0
-135 -139 0
-135 -140 0
-135 -141 0
-135 -142 0
-135 -143 0
-135 -144 0
-136 -137 0
-136 -138 0
-136 -139 0
-136 -140 0
-136 -141 0
-136 -142 0
-136 -143 0
-136 -144 0
-137 -138 0
-137 -139 0
-137 -140 0
-137 -141 0
-137 -142 0
-137 -143 0
-137 -144 0
-138 -139 0
-138 -140 0
-138 -141 0
-138 -142 0
-138 -143 0
-138 -144 0
-139 -140 0
-139 -141 0
-139 -142 0
-139 -143 0
-139 -144 0
-140 -141 0
-140 -142 0
-140 -143 0
-140 -144 0
-141 -142 0
-141 -143 0
-141 -144 0
-142 -143 0
-142 -144 0
-143 -144 0
-145 -146 0
-145 -147 0
-145 -148 0
-145 -149 0
-145 -150 0
-145 -151 0
-145 -152 0
-145 -153 0
-145 -154 0
-145 -155 0
-145 -156 0
-145 -157 0
-145 -158 0
-145 -159 0
-145 -160 0
-145 -161 0
-145 -162 0
-145 -163 0
-145 -164 0
-145 -165 0
-145 -166 0
-145 -167 0
-145 -168 0
-145 -169 0
-145 -170 0
-145 -171 0
-145 -172 0
-145 -173 0
-145 -174 0
-145 -175 0
-145 -176 0
-145 -177 0
-145 -178 0
-145 -179 0
-145 -180 0
-145 -181 0
-145 -182 0
-145 -183 0
-145 -184 0
-145 -185 0
-145 -186 0
-145 -187 0
-145 -188 0
-145 -189 0
-145 -190 0
-145 -191 0
-145 -192 0
-145 -193 0
-145 -194 0
-145 -195 0
-145 -196 0
-145 -197 0
-145 -198 0
-146 -147 0
-146 -148 0
-146 -149 0
-146 -150 0
-146 -151 0
-146 -152 0
-146 -153 0
-146 -154 0
-146 -155 0
-146 -156 0
-146 -157 0
-146 -158 0
-146 -159 0
-146 -160 0
-146 -161 0
-146 -162 0
-146 -163 0
-146 -164 0
-146 -165 0
-146 -166 0
-146 -167 0
-146 -168 0
-146 -169 0
-146 -170 0
-146 -171 0
-146 -172 0
-146 -173 0
-146 -174 0
-146 -175 0
-146 -176 0
-146 -177 0
-146 -178 0
-146 -179 0
-146 -180 0
-146 -181 0
-146 -182 0
-146 -183 0
-146 -184 0
-146 -185 0
-146 -186 0
-146 -187 0
-146 -188 0
-146 -189 0
-146 -190 0
-146 -191 0
-146 -192 0
-146 -193 0
-146 -194 0
-146 -195 0
-146 -196 0
-146 -197 0
-146 -198 0
-147 -148 0
-147 -149 0
-147 -150 0
-147 -151 0
-147 -152 0
-147 -153 0
-147 -154 0
-147 -155 0
-147 -156 0
-147 -157 0
-147 -158 0
-147 -159 0
-147 -160 0
-147 -161 0
-147 -162 0
-147 -163 0
-147 -164 0
-147 -165 0
-147 -166 0
-147 -167 0
-147 -168 0
-147 -169 0
-147 -170 0
-147 -171 0
-147 -172 0
-147 -173 0
-147 -174 0
-147 -175 0
-147 -176 0
-147 -177 0
-147 -178 0
-147 -179 0
-147 -180 0
-147 -181 0
-147 -182 0
-147 -183 0
-147 -184 0
-147 -185 0
-147 -186 0
-147 -187 0
-147 -188 0
-147 -189 0
-147 -190 0
-147 -191 0
-147 -192 0
-147 -193 0
-147 -194 0
-147 -195 0
-147 -196 0
-147 -197 0
-147 -198 0
-148 -149 0
-148 -150 0
-148 -151 0
-148 -152 0
-148 -153 0
-148 -154 0
-148 -155 0
-148 -156 0
-148 -157 0
-148 -158 0
-148 -159 0
-148 -160 0
-148 -161 0
-148 -162 0
-148 -163 0
-148 -164 0
-148 -165 0
-148 -166 0
-148 -167 0
-148 -168 0
-148 -169 0
-148 -170 0
-148 -171 0
-148 -172 0
-148 -173 0
-148 -174 0
-148 -175 0
-148 -176 0
-148 -177 0
-148 -178 0
-148 -179 0
-148 -180 0
-148 -181 0
-148 -182 0
-148 -183 0
-148 -184 0
-148 -185 0
-148 -186 0
-148 -187 0
-148 -188 0
-148 -189 0
-148 -190 0
-148 -191 0
-148 -192 0
-148 -193 0
-148 -194 0
-148 -195 0
-148 -196 0
-148 -197 0
-148 -198 0
-149 -150 0
-149 -151 0
-149 -152 0
-149 -153 0
-149 -154 0
-149 -155 0
-149 -156 0
-149 -157 0
-149 -158 0
-149 -159 0
-149 -160 0
-149 -161 0
-149 -162 0
-149 -163 0
-149 -164 0
-149 -165 0
-149 -166 0
-149 -167 0
-149 -168 0
-149 -169 0
-149 -170 0
-149 -171 0
-149 -172 0
-149 -173 0
-149 -174 0
-149 -175 0
-149 -176 0
-149 -177 0
-149 -178 0
-149 -179 0
-149 -180 0
-149 -181 0
-149 -182 0
-149 -183 0
-149 -184 0
-149 -185 0
-149 -186 0
-149 -187 0
-149 -188 0
-149 -189 0
-149 -190 0
-149 -191 0
-149 -192 0
-149 -193 0
-149 -194 0
-149 -195 0
-149 -196 0
-149 -197 0
-149 -198 0
-150 -151 0
-150 -152 0
-150 -153 0
-150 -154 0
-150 -155 0
-150 -156 0
-150 -157 0
-150 -158 0
-150 -159 0
-150 -160 0
-150 -161 0
-150 -162 0
-150 -163 0
-150 -164 0
-150 -165 0
-150 -166 0
-150 -167 0
-150 -168 0
-150 -169 0
-150 -170 0
-150 -171 0
-150 -172 0
-150 -173 0
-150 -174 0
-150 -175 0
-150 -176 0
-150 -177 0
-150 -178 0
-150 -179 0
-150 -180 0
-150 -181 0
-150 -182 0
-150 -183 0
-150 -184 0
-150 -185 0
-150 -186 0
-150 -187 0
-150 -188 0
-150 -189 0
-150 -190 0
-150 -191 0
-150 -192 0
-150 -193 0
-150 -194 0
-150 -195 0
-150 -196 0
-150 -197 0
-150 -198 0
-151 -152 0
-151 -153 0
-151 -154 0
-151 -155 0
-151 -156 0
-151 -157 0
-151 -158 0
-151 -159 0
-151 -160 0
-151 -161 0
-151 -162 0
-151 -163 0
-151 -164 0
-151 -165 0
-151 -166 0
-151 -167 0
-151 -168 0
-151 -169 0
-151 -170 0
-151 -171 0
-151 -172 0
-151 -173 0
-151 -174 0
-151 -175 0
-151 -176 0
-151 -177 0
-151 -178 0
-151 -179 0
-151 -180 0
-151 -181 0
-151 -182 0
-151 -183 0
-151 -184 0
-151 -185 0
-151 -186 0
-151 -187 0
-151 -188 0
-151 -189 0
-151 -190 0
-151 -191 0
-151 -192 0
-151 -193 0
-151 -194 0
-151 -195 0
-151 -196 0
-151 -197 0
-151 -198 0
-152 -153 0
-152 -154 0
-152 -155 0
-152 -156 0
-152 -157 0
-152 -158 0
-152 -159 0
-152 -160 0
-152 -161 0
-152 -162 0
-152 -163 0
-152 -164 0
-152 -165 0
-152 -166 0
-152 -167 0
-152 -168 0
-152 -169 0
-152 -170 0
-152 -171 0
-152 -172 0
-152 -173 0
-152 -174 0
-152 -175 0
-152 -176 0
-152 -177 0
-152 -178 0
-152 -179 0
-152 -180 0
-152 -181 0
-152 -182 0
-152 -183 0
-152 -184 0
-152 -185 0
-152 -186 0
-152 -187 0
-152 -188 0
-152 -189 0
-152 -190 0
-152 -191 0
-152 -192 0
-152 -193 0
-152 -194 0
-152 -195 0
-152 -196 0
-152 -197 0
-152 -198 0
-153 -154 0
-153 -155 0
-153 -156 0
-153 -157 0
-153 -158 0
-153 -159 0
-153 -160 0
-153 -161 0
-153 -162 0
-153 -163 0
-153 -164 0
-153 -165 0
-153 -166 0
-153 -167 0
-153 -168 0
-153 -169 0
-153 -170 0
-153 -171 0
-153 -172 0
-153 -173 0
-153 -174 0
-153 -175 0
-153 -176 0
-153 -177 0
-153 -178 0
-153 -179 0
-153 -180 0
-153 -181 0
-153 -182 0
-153 -183 0
-153 -184 0
-153 -185 0
-153 -186 0
-153 -187 0
-153 -188 0
-153 -189 0
-153 -190 0
-153 -191 0
-153 -192 0
-153 -193 0
-153 -194 0
-153 -195 0
-153 -196 0
-153 -197 0
-153 -198 0
-154 -155 0
-154 -156 0
-154 -157 0
-154 -158 0
-154 -159 0
-154 -160 0
-154 -161 0
-154 -162 0
-154 -163 0
-154 -164 0
-154 -165 0
-154 -166 0
-154 -167 0
-154 -168 0
-154 -169 0
-154 -170 0
-154 -171 0
-154 -172 0
-154 -173 0
-154 -174 0
-154 -175 0
-154 -176 0
-154 -177 0
-154 -178 0
-154 -179 0
-154 -180 0
-154 -181 0
-154 -182 0
-154 -183 0
-154 -184 0
-154 -185 0
-154 -186 0
-154 -187 0
-154 -188 0
-154 -189 0
-154 -190 0
-154 -191 0
-154 -192 0
-154 -193 0
-154 -194 0
-154 -195 0
-154 -196 0
-154 -197 0
-154 -198 0
-155 -156 0
-155 -157 0
-155 -158 0
-155 -159 0
-155 -160 0
-155 -161 0
-155 -162 0
-155 -163 0
-155 -164 0
-155 -165 0
-155 -166 0
-155 -167 0
-155 -168 0
-155 -169 0
-155 -170 0
-155 -171 0
-155 -172 0
-155 -173 0
-155 -174 0
-155 -175 0
-155 -176 0
-155 -177 0
-155 -178 0
-155 -179 0
-155 -180 0
-155 -181 0
-155 -182 0
-155 -183 0
-155 -184 0
-155 -185 0
-155 -186 0
-155 -187 0
-155 -188 0
-155 -189 0
-155 -190 0
-155 -191 0
-155 -192 0
-155 -193 0
-155 -194 0
-155 -195 0
-155 -196 0
-155 -197 0
-155 -198 0
-156 -157 0
-156 -158 0
-156 -159 0
-156 -160 0
-156 -161 0
-156 -162 0
-156 -163 0
-156 -164 0
-156 -165 0
-156 -166 0
-156 -167 0
-156 -168 0
-156 -169 0
-156 -170 0
-156 -171 0
-156 -172 0
-156 -173 0
-156 -174 0
-156 -175 0
-156 -176 0
-156 -177 0
-156 -178 0
-156 -179 0
-156 -180 0
-156 -181 0
-156 -182 0
-156 -183 0
-156 -184 0
-156 -185 0
-156 -186 0
-156 -187 0
-156 -188 0
-156 -189 0
-156 -190 0
-156 -191 0
-156 -192 0
-156 -193 0
-156 -194 0
-156 -195 0
-156 -196 0
-156 -197 0
-156 -198 0
-157 -158 0
-157 -159 0
-157 -160 0
-157 -161 0
-157 -162 0
-157 -163 0
-157 -164 0
-157 -165 0
-157 -166 0
-157 -167 0
-157 -168 0
-157 -169 0
-157 -170 0
-157 -171 0
-157 -172 0
-157 -173 0
-157 -174 0
-157 -175 0
-157 -176 0
-157 -177 0
-157 -178 0
-157 -179 0
-157 -180 0
-157 -181 0
-157 -182 0
-157 -183 0
-157 -184 0
-157 -185 0
-157 -186 0
-157 -187 0
-157 -188 0
-157 -189 0
-157 -190 0
-157 -191 0
-157 -192 0
-157 -193 0
-157 -194 0
-157 -195 0
-157 -196 0
-157 -197 0
-157 -198 0
-158 -159 0
-158 -160 0
-158 -161 0
-158 -162 0
-158 -163 0
-158 -164 0
-158 -165 0
-158 -166 0
-158 -167 0
-158 -168 0
-158 -169 0
-158 -170 0
-158 -171 0
-158 -172 0
-158 -173 0
-158 -174 0
-158 -175 0
-158 -176 0
-158 -177 0
-158 -178 0
-158 -179 0
-158 -180 0
-158 -181 0
-158 -182 0
-158 -183 0
-158 -184 0
-158 -185 0
-158 -186 0
-158 -187 0
-158 -188 0
-158 -189 0
-158 -190 0
-158 -191 0
-158 -192 0
-158 -193 0
-158 -194 0
-158 -195 0
-158 -196 0
-158 -197 0
-158 -198 0
-159 -160 0
-159 -161 0
-159 -162 0
-159 -163 0
-159 -164 0
-159 -165 0
-159 -166 0
-159 -167 0
-159 -168 0
-159 -169 0
-159 -170 0
-159 -171 0
-159 -172 0
-159 -173 0
-159 -174 0
-159 -175 0
-159 -176 0
-159 -177 0
-159 -178 0
-159 -179 0
-159 -180 0
-159 -181 0
-159 -182 0
-159 -183 0
-159 -184 0
-159 -185 0
-159 -186 0
-159 -187 0
-159 -188 0
-159 -189 0
-159 -190 0
-159 -191 0
-159 -192 0
-159 -193 0
-159 -194 0
-159 -195 0
-159 -196 0
-159 -197 0
-159 -198 0
-160 -161 0
-160 -162 0
-160 -163 0
-160 -164 0
-160 -165 0
-160 -166 0
-160 -167 0
-160 -168 0
-160 -169 0
-160 -170 0
-160 -171 0
-160 -172 0
-160 -173 0
-160 -174 0
-160 -175 0
-160 -176 0
-160 -177 0
-160 -178 0
-160 -179 0
-160 -180 0
-160 -181 0
-160 -182 0
-160 -183 0
-160 -184 0
-160 -185 0
-160 -186 0
-160 -187 0
-160 -188 0
-160 -189 0
-160 -190 0
-160 -191 0
-160 -192 0
-160 -193 0
-160 -194 0
-160 -195 0
-160 -196 0
-160 -197 0
-160 -198 0
-161 -162 0
-161 -163 0
-161 -164 0
-161 -165 0
-161 -166 0
-161 -167 0
-161 -168 0
-161 -169 0
-161 -170 0
-161 -171 0
-161 -172 0
-161 -173 0
-161 -174 0
-161 -175 0
-161 -176 0
-161 -177 0
-161 -178 0
-161 -179 0
-161 -180 0
-161 -181 0
-161 -182 0
-161 -183 0
-161 -184 0
-161 -185 0
-161 -186 0
-161 -187 0
-161 -188 0
-161 -189 0
-161 -190 0
-161 -191 0
-161 -192 0
-161 -193 0
-161 -194 0
-161 -195 0
-161 -196 0
-161 -197 0
-161 -198 0
-162 -163 0
-162 -164 0
-162 -165 0
-162 -166 0
-162 -167 0
-162 -168 0
-162 -169 0
-162 -170 0
-162 -171 0
-162 -172 0
-162 -173 0
-162 -174 0
-162 -175 0
-162 -176 0
-162 -177 0
-162 -178 0
-162 -179 0
-162 -180 0
-162 -181 0
-162 -182 0
-162 -183 0
-162 -184 0
-162 -185 0
-162 -186 0
-162 -187 0
-162 -188 0
-162 -189 0
-162 -190 0
-162 -191 0
-162 -192 0
-162 -193 0
-162 -194 0
-162 -195 0
-162 -196 0
-162 -197 0
-162 -198 0
-163 -164 0
-163 -165 0
-163 -166 0
-163 -167 0
-163 -168 0
-163 -169 0
-163 -170 0
-163 -171 0
-163 -172 0
-163 -173 0
-163 -174 0
-163 -175 0
-163 -176 0
-163 -177 0
-163 -178 0
-163 -179 0
-163 -180 0
-163 -181 0
-163 -182 0
-163 -183 0
-163 -184 0
-163 -185 0
-163 -186 0
-163 -187 0
-163 -188 0
-163 -189 0
-163 -190 0
-163 -191 0
-163 -192 0
-163 -193 0
-163 -194 0
-163 -195 0
-163 -196 0
-163 -197 0
-163 -198 0
-164 -165 0
-164 -166 0
-164 -167 0
-164 -168 0
-164 -169 0
-164 -170 0
-164 -171 0
-164 -172 0
-164 -173 0
-164 -174 0
-164 -175 0
-164 -176 0
-164 -177 0
-164 -178 0
-164 -179 0
-164 -180 0
-164 -181 0
-164 -182 0
-164 -183 0
-164 -184 0
-164 -185 0
-164 -186 0
-164 -187 0
-164 -188 0
-164 -189 0
-164 -190 0
-164 -191 0
-164 -192 0
-164 -193 0
-164 -194 0
-164 -195 0
-164 -196 0
-164 -197 0
-164 -198 0
-165 -166 0
-165 -167 0
-165 -168 0
-165 -169 0
-165 -170 0
-165 -171 0
-165 -172 0
-165 -173 0
-165 -174 0
-165 -175 0
-165 -176 0
-165 -177 0
-165 -178 0
-165 -179 0
-165 -180 0
-165 -181 0
-165 -182 0
-165 -183 0
-165 -184 0
-165 -185 0
-165 -186 0
-165 -187 0
-165 -188 0
-165 -189 0
-165 -190 0
-165 -191 0
-165 -192 0
-165 -193 0
-165 -194 0
-165 -195 0
-165 -196 0
-165 -197 0
-165 -198 0
-166 -167 0
-166 -168 0
-166 -169 0
-166 -170 0
-166 -171 0
-166 -172 0
-166 -173 0
-166 -174 0
-166 -175 0
-166 -176 0
-166 -177 0
-166 -178 0
-166 -179 0
-166 -180 0
-166 -181 0
-166 -182 0
-166 -183 0
-166 -184 0
-166 -185 0
-166 -186 0
-166 -187 0
-166 -188 0
-166 -189 0
-166 -190 0
-166 -191 0
-166 -192 0
-166 -193 0
-166 -194 0
-166 -195 0
-166 -196 0
-166 -197 0
-166 -198 0
-167 -168 0
-167 -169 0
-167 -170 0
-167 -171 0
-167 -172 0
-167 -173 0
-167 -174 0
-167 -175 0
-167 -176 0
-167 -177 0
-167 -178 0
-167 -179 0
-167 -180 0
-167 -181 0
-167 -182 0
-167 -183 0
-167 -184 0
-167 -185 0
-167 -186 0
-167 -187 0
-167 -188 0
-167 -189 0
-167 -190 0
-167 -191 0
-167 -192 0
-167 -193 0
-167 -194 0
-167 -195 0
-167 -196 0
-167 -197 0
-167 -198 0
-168 -169 0
-168 -170 0
-168 -171 0
-168 -172 0
-168 -173 0
-168 -174 0
-168 -175 0
-168 -176 0
-168 -177 0
-168 -178 0
-168 -179 0
-168 -180 0
-168 -181 0
-168 -182 0
-168 -183 0
-168 -184 0
-168 -185 0
-168 -186 0
-168 -187 0
-168 -188 0
-168 -189 0
-168 -190 0
-168 -191 0
-168 -192 0
-168 -193 0
-168 -194 0
-168 -195 0
-168 -196 0
-168 -197 0
-168 -198 0
-169 -170 0
-169 -171 0
-169 -172 0
-169 -173 0
-169 -174 0
-169 -175 0
-169 -176 0
-169 -177 0
-169 -178 0
-169 -179 0
-169 -180 0
-169 -181 0
-169 -182 0
-169 -183 0
-169 -184 0
-169 -185 0
-169 -186 0
-169 -187 0
-169 -188 0
-169 -189 0
-169 -190 0
-169 -191 0
-169 -192 0
-169 -193 0
-169 -194 0
-169 -195 0
-169 -196 0
-169 -197 0
-169 -198 0
-170 -171 0
-170 -172 0
-170 -173 0
-170 -174 0
-170 -175 0
-170 -176 0
-170 -177 0
-170 -178 0
-170 -179 0
-170 -180 0
-170 -181 0
-170 -182 0
-170 -183 0
-170 -184 0
-170 -185 0
-170 -186 0
-170 -187 0
-170 -188 0
-170 -189 0
-170 -190 0
-170 -191 0
-170 -192 0
-170 -193 0
-170 -194 0
-170 -195 0
-170 -196 0
-170 -197 0
-170 -198 0
-171 -172 0
-171 -173 0
-171 -174 0
-171 -175 0
-171 -176 0
-171 -177 0
-171 -178 0
-171 -179 0
-171 -180 0
-171 -181 0
-171 -182 0
-171 -183 0
-171 -184 0
-171 -185 0
-171 -186 0
-171 -187 0
-171 -188 0
-171 -189 0
-171 -190 0
-171 -191 0
-171 -192 0
-171 -193 0
-171 -194 0
-171 -195 0
-171 -196 0
-171 -197 0
-171 -198 0
-172 -173 0
-172 -174 0
-172 -175 0
-172 -176 0
-172 -177 0
-172 -178 0
-172 -179 0
-172 -180 0
-172 -181 0
-172 -182 0
-172 -183 0
-172 -184 0
-172 -185 0
-172 -186 0
-172 -187 0
-172 -188 0
-172 -189 0
-172 -190 0
-172 -191 0
-172 -192 0
-172 -193 0
-172 -194 0
-172 -195 0
-172 -196 0
-172 -197 0
-172 -198 0
-173 -174 0
-173 -175 0
-173 -176 0
-173 -177 0
-173 -178 0
-173 -179 0
-173 -180 0
-173 -181 0
-173 -182 0
-173 -183 0
-173 -184 0
-173 -185 0
-173 -186 0
-173 -187 0
-173 -188 0
-173 -189 0
-173 -190 0
-173 -191 0
-173 -192 0
-173 -193 0
-173 -194 0
-173 -195 0
-173 -196 0
-173 -197 0
-173 -198 0
-174 -175 0
-174 -176 0
-174 -177 0
-174 -178 0
-174 -179 0
-174 -180 0
-174 -181 0
-174 -182 0
-174 -183 0
-174 -184 0
-174 -185 0
-174 -186 0
-174 -187 0
-174 -188 0
-174 -189 0
-174 -190 0
-174 -191 0
-174 -192 0
-174 -193 0
-174 -194 0
-174 -195 0
-174 -196 0
-174 -197 0
-174 -198 0
-175 -176 0
-175 -177 0
-175 -178 0
-175 -179 0
-175 -180 0
-175 -181 0
-175 -182 0
-175 -183 0
-175 -184 0
-175 -185 0
-175 -186 0
-175 -187 0
-175 -188 0
-175 -189 0
-175 -190 0
-175 -191 0
-175 -192 0
-175 -193 0
-175 -194 0
-175 -195 0
-175 -196 0
-175 -197 0
-175 -198 0
-176 -177 0
-176 -178 0
-176 -179 0
-176 -180 0
-176 -181 0
-176 -182 0
-176 -183 0
-176 -184 0
-176 -185 0
-176 -186 0
-176 -187 0
-176 -188 0
-176 -189 0
-176 -190 0
-176 -191 0
-176 -192 0
-176 -193 0
-176 -194 0
-176 -195 0
-176 -196 0
-176 -197 0
-176 -198 0
-177 -178 0
-177 -179 0
-177 -180 0
-177 -181 0
-177 -182 0
-177 -183 0
-177 -184 0
-177 -185 0
-177 -186 0
-177 -187 0
-177 -188 0
-177 -189 0
-177 -190 0
-177 -191 0
-177 -192 0
-177 -193 0
-177 -194 0
-177 -195 0
-177 -196 0
-177 -197 0
-177 -198 0
-178 -179 0
-178 -180 0
-178 -181 0
-178 -182 0
-178 -183 0
-178 -184 0
-178 -185 0
-178 -186 0
-178 -187 0
-178 -188 0
-178 -189 0
-178 -190 0
-178 -191 0
-178 -192 0
-178 -193 0
-178 -194 0
-178 -195 0
-178 -196 0
-178 -197 0
-178 -198 0
-179 -180 0
-179 -181 0
-179 -182 0
-179 -183 0
-179 -184 0
-179 -185 0
-179 -186 0
-179 -187 0
-179 -188 0
-179 -189 0
-179 -190 0
-179 -191 0
-179 -192 0
-179 -193 0
-179 -194 0
-179 -195 0
-179 -196 0
-179 -197 0
-179 -198 0
-180 -181 0
-180 -182 0
-180 -183 0
-180 -184 0
-180 -185 0
-180 -186 0
-180 -187 0
-180 -188 0
-180 -189 0
-180 -190 0
-180 -191 0
-180 -192 0
-180 -193 0
-180 -194 0
-180 -195 0
-180 -196 0
-180 -197 0
-180 -198 0
-181 -182 0
-181 -183 0
-181 -184 0
-181 -185 0
-181 -186 0
-181 -187 0
-181 -188 0
-181 -189 0
-181 -190 0
-181 -191 0
-181 -192 0
-181 -193 0
-181 -194 0
-181 -195 0
-181 -196 0
-181 -197 0
-181 -198 0
-182 -183 0
-182 -184 0
-182 -185 0
-182 -186 0
-182 -187 0
-182 -188 0
-182 -189 0
-182 -190 0
-182 -191 0
-182 -192 0
-182 -193 0
-182 -194 0
-182 -195 0
-182 -196 0
-182 -197 0
-182 -198 0
-183 -184 0
-183 -185 0
-183 -186 0
-183 -187 0
-183 -188 0
-183 -189 0
-183 -190 0
-183 -191 0
-183 -192 0
-183 -193 0
-183 -194 0
-183 -195 0
-183 -196 0
-183 -197 0
-183 -198 0
-184 -185 0
-184 -186 0
-184 -187 0
-184 -188 0
-184 -189 0
-184 -190 0
-184 -191 0
-184 -192 0
-184 -193 0
-184 -194 0
-184 -195 0
-184 -196 0
-184 -197 0
-184 -198 0
-185 -186 0
-185 -187 0
-185 -188 0
-185 -189 0
-185 -190 0
-185 -191 0
-185 -192 0
-185 -193 0
-185 -194 0
-185 -195 0
-185 -196 0
-185 -197 0
-185 -198 0
-186 -187 0
-186 -188 0
-186 -189 0
-186 -190 0
-186 -191 0
-186 -192 0
-186 -193 0
-186 -194 0
-186 -195 0
-186 -196 0
-186 -197 0
-186 -198 0
-187 -188 0
-187 -189 0
-187 -190 0
-187 -191 0
-187 -192 0
-187 -193 0
-187 -194 0
-187 -195 0
-187 -196 0
-187 -197 0
-187 -198 0
-188 -189 0
-188 -190 0
-188 -191 0
-188 -192 0
-188 -193 0
-188 -194 0
-188 -195 0
-188 -196 0
-188 -197 0
-188 -198 0
-189 -190 0
-189 -191 0
-189 -192 0
-189 -193 0
-189 -194 0
-189 -195 0
-189 -196 0
-189 -197 0
-189 -198 0
-190 -191 0
-190 -192 0
-190 -193 0
-190 -194 0
-190 -195 0
-190 -196 0
-190 -197 0
-190 -198 0
-191 -192 0
-191 -193 0
-191 -194 0
-191 -195 0
-191 -196 0
-191 -197 0
-191 -198 0
-192 -193 0
-192 -194 0
-192 -195 0
-192 -196 0
-192 -197 0
-192 -198 0
-193 -194 0
-193 -195 0
-193 -196 0
-193 -197 0
-193 -198 0
-194 -195 0
-194 -196 0
-194 -197 0
-194 -198 0
-195 -196 0
-195 -197 0
-195 -198 0
-196 -197 0
-196 -198 0
-197 -198 0
-199 -200 0
-199 -201 0
-199 -202 0
-199 -203 0
-199 -204 0
-199 -205 0
-199 -206 0
-199 -207 0
-199 -208 0
-199 -209 0
-199 -210 0
-199 -211 0
-199 -212 0
-199 -213 0
-199 -214 0
-199 -215 0
-199 -216 0
-199 -217 0
-199 -218 0
-199 -219 0
-199 -220 0
-199 -221 0
-199 -222 0
-199 -223 0
-199 -224 0
-199 -225 0
-199 -226 0
-199 -227 0
-199 -228 0
-199 -229 0
-199 -230 0
-199 -231 0
-199 -232 0
-199 -233 0
-199 -234 0
-199 -235 0
-199 -236 0
-199 -237 0
-199 -238 0
-199 -239 0
-199 -240 0
-199 -241 0
-199 -242 0
-199 -243 0
-199 -244 0
-199 -245 0
-199 -246 0
-199 -247 0
-199 -248 0
-199 -249 0
-199 -250 0
-199 -251 0
-199 -252 0
-200 -201 0
-200 -202 0
-200 -203 0
-200 -204 0
-200 -205 0
-200 -206 0
-200 -207 0
-200 -208 0
-200 -209 0
-200 -210 0
-200 -211 0
-200 -212 0
-200 -213 0
-200 -214 0
-200 -215 0
-200 -216 0
-200 -217 0
-200 -218 0
-200 -219 0
-200 -220 0
-200 -221 0
-200 -222 0
-200 -223 0
-200 -224 0
-200 -225 0
-200 -226 0
-200 -227 0
-200 -228 0
-200 -229 0
-200 -230 0
-200 -231 0
-200 -232 0
-200 -233 0
-200 -234 0
-200 -235 0
-200 -236 0
-200 -237 0
-200 -238 0
-200 -239 0
-200 -240 0
-200 -241 0
-200 -242 0
-200 -243 0
-200 -244 0
-200 -245 0
-200 -246 0
-200 -247 0
-200 -248 0
-200 -249 0
-200 -250 0
-200 -251 0
-200 -252 0
-201 -202 0
-201 -203 0
-201 -204 0
-201 -205 0
-201 -206 0
-201 -207 0
-201 -208 0
-201 -209 0
-201 -210 0
-201 -211 0
-201 -212 0
-201 -213 0
-201 -214 0
-201 -215 0
-201 -216 0
-201 -217 0
-201 -218 0
-201 -219 0
-201 -220 0
-201 -221 0
-201 -222 0
-201 -223 0
-201 -224 0
-201 -225 0
-201 -226 0
-201 -227 0
-201 -228 0
-201 -229 0
-201 -230 0
-201 -231 0
-201 -232 0
-201 -233 0
-201 -234 0
-201 -235 0
-201 -236 0
-201 -237 0
-201 -238 0
-201 -239 0
-201 -240 0
-201 -241 0
-201 -242 0
-201 -243 0
-201 -244 0
-201 -245 0
-201 -246 0
-201 -247 0
-201 -248 0
-201 -249 0
-201 -250 0
-201 -251 0
-201 -252 0
-202 -203 0
-202 -204 0
-202 -205 0
-202 -206 0
-202 -207 0
-202 -208 0
-202 -209 0
-202 -210 0
-202 -211 0
-202 -212 0
-202 -213 0
-202 -214 0
-202 -215 0
-202 -216 0
-202 -217 0
-202 -218 0
-202 -219 0
-202 -220 0
-202 -221 0
-202 -222 0
-202 -223 0
-202 -224 0
-202 -225 0
-202 -226 0
-202 -227 0
-202 -228 0
-202 -229 0
-202 -230 0
-202 -231 0
-202 -232 0
-202 -233 0
-202 -234 0
-202 -235 0
-202 -236 0
-202 -237 0
-202 -238 0
-202 -239 0
-202 -240 0
-202 -241 0
-202 -242 0
-202 -243 0
-202 -244 0
-202 -245 0
-202 -246 0
-202 -247 0
-202 -248 0
-202 -249 0
-202 -250 0
-202 -251 0
-202 -252 0
-203 -204 0
-203 -205 0
-203 -206 0
-203 -207 0
-203 -208 0
-203 -209 0
-203 -210 0
-203 -211 0
-203 -212 0
-203 -213 0
-203 -214 0
-203 -215 0
-203 -216 0
-203 -217 0
-203 -218 0
-203 -219 0
-203 -220 0
-203 -221 0
-203 -222 0
-203 -223 0
-203 -224 0
-203 -225 0
-203 -226 0
-203 -227 0
-203 -228 0
-203 -229 0
-203 -230 0
-203 -231 0
-203 -232 0
-203 -233 0
-203 -234 0
-203 -235 0
-203 -236 0
-203 -237 0
-203 -238 0
-203 -239 0
-203 -240 0
-203 -241 0
-203 -242 0
-203 -243 0
-203 -244 0
-203 -245 0
-203 -246 0
-203 -247 0
-203 -248 0
-203 -249 0
-203 -250 0
-203 -251 0
-203 -252 0
-204 -205 0
-204 -206 0
-204 -207 0
-204 -208 0
-204 -209 0
-204 -210 0
-204 -211 0
-204 -212 0
-204 -213 0
-204 -214 0
-204 -215 0
-204 -216 0
-204 -217 0
-204 -218 0
-204 -219 0
-204 -220 0
-204 -221 0
-204 -222 0
-204 -223 0
-204 -224 0
-204 -225 0
-204 -226 0
-204 -227 0
-204 -228 0
-204 -229 0
-204 -230 0
-204 -231 0
-204 -232 0
-204 -233 0
-204 -234 0
-204 -235 0
-204 -236 0
-204 -237 0
-204 -238 0
-204 -239 0
-204 -240 0
-204 -241 0
-204 -242 0
-204 -243 0
-204 -244 0
-204 -245 0
-204 -246 0
-204 -247 0
-204 -248 0
-204 -249 0
-204 -250 0
-204 -251 0
-204 -252 0
-205 -206 0
-205 -207 0
-205 -208 0
-205 -209 0
-205 -210 0
-205 -211 0
-205 -212 0
-205 -213 0
-205 -214 0
-205 -215 0
-205 -216 0
-205 -217 0
-205 -218 0
-205 -219 0
-205 -220 0
-205 -221 0
-205 -222 0
-205 -223 0
-205 -224 0
-205 -225 0
-205 -226 0
-205 -227 0
-205 -228 0
-205 -229 0
-205 -230 0
-205 -231 0
-205 -232 0
-205 -233 0
-205 -234 0
-205 -235 0
-205 -236 0
-205 -237 0
-205 -238 0
-205 -239 0
-205 -240 0
-205 -241 0
-205 -242 0
-205 -243 0
-205 -244 0
-205 -245 0
-205 -246 0
-205 -247 0
-205 -248 0
-205 -249 0
-205 -250 0
-205 -251 0
-205 -252 0
-206 -207 0
-206 -208 0
-206 -209 0
-206 -210 0
-206 -211 0
-206 -212 0
-206 -213 0
-206 -214 0
-206 -215 0
-206 -216 0
-206 -217 0
-206 -218 0
-206 -219 0
-206 -220 0
-206 -221 0
-206 -222 0
-206 -223 0
-206 -224 0
-206 -225 0
-206 -226 0
-206 -227 0
-206 -228 0
-206 -229 0
-206 -230 0
-206 -231 0
-206 -232 0
-206 -233 0
-206 -234 0
-206 -235 0
-206 -236 0
-206 -237 0
-206 -238 0
-206 -239 0
-206 -240 0
-206 -241 0
-206 -242 0
-206 -243 0
-206 -244 0
-206 -245 0
-206 -246 0
-206 -247 0
-206 -248 0
-206 -249 0
-206 -250 0
-206 -251 0
-206 -252 0
-207 -208 0
-207 -209 0
-207 -210 0
-207 -211 0
-207 -212 0
-207 -213 0
-207 -214 0
-207 -215 0
-207 -216 0
-207 -217 0
-207 -218 0
-207 -219 0
-207 -220 0
-207 -221 0
-207 -222 0
-207 -223 0
-207 -224 0
-207 -225 0
-207 -226 0
-207 -227 0
-207 -228 0
-207 -229 0
-207 -230 0
-207 -231 0
-207 -232 0
-207 -233 0
-207 -234 0
-207 -235 0
-207 -236 0
-207 -237 0
-207 -238 0
-207 -239 0
-207 -240 0
-207 -241 0
-207 -242 0
-207 -243 0
-207 -244 0
-207 -245 0
-207 -246 0
-207 -247 0
-207 -248 0
-207 -249 0
-207 -250 0
-207 -251 0
-207 -252 0
-208 -209 0
-208 -210 0
-208 -211 0
-208 -212 0
-208 -213 0
-208 -214 0
-208 -215 0
-208 -216 0
-208 -217 0
-208 -218 0
-208 -219 0
-208 -220 0
-208 -221 0
-208 -222 0
-208 -223 0
-208 -224 0
-208 -225 0
-208 -226 0
-208 -227 0
-208 -228 0
-208 -229 0
-208 -230 0
-208 -231 0
-208 -232 0
-208 -233 0
-208 -234 0
-208 -235 0
-208 -236 0
-208 -237 0
-208 -238 0
-208 -239 0
-208 -240 0
-208 -241 0
-208 -242 0
-208 -243 0
-208 -244 0
-208 -245 0
-208 -246 0
-208 -247 0
-208 -248 0
-208 -249 0
-208 -250 0
-208 -251 0
-208 -252 0
-209 -210 0
-209 -211 0
-209 -212 0
-209 -213 0
-209 -214 0
-209 -215 0
-209 -216 0
-209 -217 0
-209 -218 0
-209 -219 0
-209 -220 0
-209 -221 0
-209 -222 0
-209 -223 0
-209 -224 0
-209 -225 0
-209 -226 0
-209 -227 0
-209 -228 0
-209 -229 0
-209 -230 0
-209 -231 0
-209 -232 0
-209 -233 0
-209 -234 0
-209 -235 0
-209 -236 0
-209 -237 0
-209 -238 0
-209 -239 0
-209 -240 0
-209 -241 0
-209 -242 0
-209 -243 0
-209 -244 0
-209 -245 0
-209 -246 0
-209 -247 0
-209 -248 0
-209 -249 0
-209 -250 0
-209 -251 0
-209 -252 0
-210 -211 0
-210 -212 0
-210 -213 0
-210 -214 0
-210 -215 0
-210 -216 0
-210 -217 0
-210 -218 0
-210 -219 0
-210 -220 0
-210 -221 0
-210 -222 0
-210 -223 0
-210 -224 0
-210 -225 0
-210 -226 0
-210 -227 0
-210 -228 0
-210 -229 0
-210 -230 0
-210 -231 0
-210 -232 0
-210 -233 0
-210 -234 0
-210 -235 0
-210 -236 0
-210 -237 0
-210 -238 0
-210 -239 0
-210 -240 0
-210 -241 0
-210 -242 0
-210 -243 0
-210 -244 0
-210 -245 0
-210 -246 0
-210 -247 0
-210 -248 0
-210 -249 0
-210 -250 0
-210 -251 0
-210 -252 0
-211 -212 0
-211 -213 0
-211 -214 0
-211 -215 0
-211 -216 0
-211 -217 0
-211 -218 0
-211 -219 0
-211 -220 0
-211 -221 0
-211 -222 0
-211 -223 0
-211 -224 0
-211 -225 0
-211 -226 0
-211 -227 0
-211 -228 0
-211 -229 0
-211 -230 0
-211 -231 0
-211 -232 0
-211 -233 0
-211 -234 0
-211 -235 0
-211 -236 0
-211 -237 0
-211 -238 0
-211 -239 0
-211 -240 0
-211 -241 0
-211 -242 0
-211 -243 0
-211 -244 0
-211 -245 0
-211 -246 0
-211 -247 0
-211 -248 0
-211 -249 0
-211 -250 0
-211 -251 0
-211 -252 0
-212 -213 0
-212 -214 0
-212 -215 0
-212 -216 0
-212 -217 0
-212 -218 0
-212 -219 0
-212 -220 0
-212 -221 0
-212 -222 0
-212 -223 0
-212 -224 0
-212 -225 0
-212 -226 0
-212 -227 0
-212 -228 0
-212 -229 0
-212 -230 0
-212 -231 0
-212 -232 0
-212 -233 0
-212 -234 0
-212 -235 0
-212 -236 0
-212 -237 0
-212 -238 0
-212 -239 0
-212 -240 0
-212 -241 0
-212 -242 0
-212 -243 0
-212 -244 0
-212 -245 0
-212 -246 0
-212 -247 0
-212 -248 0
-212 -249 0
-212 -250 0
-212 -251 0
-212 -252 0
-213 -214 0
-213 -215 0
-213 -216 0
-213 -217 0
-213 -218 0
-213 -219 0
-213 -220 0
-213 -221 0
-213 -222 0
-213 -223 0
-213 -224 0
-213 -225 0
-213 -226 0
-213 -227 0
-213 -228 0
-213 -229 0
-213 -230 0
-213 -231 0
-213 -232 0
-213 -233 0
-213 -234 0
-213 -235 0
-213 -236 0
-213 -237 0
-213 -238 0
-213 -239 0
-213 -240 0
-213 -241 0
-213 -242 0
-213 -243 0
-213 -244 0
-213 -245 0
-213 -246 0
-213 -247 0
-213 -248 0
-213 -249 0
-213 -250 0
-213 -251 0
-213 -252 0
-214 -215 0
-214 -216 0
-214 -217 0
-214 -218 0
-214 -219 0
-214 -220 0
-214 -221 0
-214 -222 0
-214 -223 0
-214 -224 0
-214 -225 0
-214 -226 0
-214 -227 0
-214 -228 0
-214 -229 0
-214 -230 0
-214 -231 0
-214 -232 0
-214 -233 0
-214 -234 0
-214 -235 0
-214 -236 0
-214 -237 0
-214 -238 0
-214 -239 0
-214 -240 0
-214 -241 0
-214 -242 0
-214 -243 0
-214 -244 0
-214 -245 0
-214 -246 0
-214 -247 0
-214 -248 0
-214 -249 0
-214 -250 0
-214 -251 0
-214 -252 0
-215 -216 0
-215 -217 0
-215 -218 0
-215 -219 0
-215 -220 0
-215 -221 0
-215 -222 0
-215 -223 0
-215 -224 0
-215 -225 0
-215 -226 0
-215 -227 0
-215 -228 0
-215 -229 0
-215 -230 0
-215 -231 0
-215 -232 0
-215 -233 0
-215 -234 0
-215 -235 0
-215 -236 0
-215 -237 0
-215 -238 0
-215 -239 0
-215 -240 0
-215 -241 0
-215 -242 0
-215 -243 0
-215 -244 0
-215 -245 0
-215 -246 0
-215 -247 0
-215 -248 0
-215 -249 0
-215 -250 0
-215 -251 0
-215 -252 0
-216 -217 0
-216 -218 0
-216 -219 0
-216 -220 0
-216 -221 0
-216 -222 0
-216 -223 0
-216 -224 0
-216 -225 0
-216 -226 0
-216 -227 0
-216 -228 0
-216 -229 0
-216 -230 0
-216 -231 0
-216 -232 0
-216 -233 0
-216 -234 0
-216 -235 0
-216 -236 0
-216 -237 0
-216 -238 0
-216 -239 0
-216 -240 0
-216 -241 0
-216 -242 0
-216 -243 0
-216 -244 0
-216 -245 0
-216 -246 0
-216 -247 0
-216 -248 0
-216 -249 0
-216 -250 0
-216 -251 0
-216 -252 0
-217 -218 0
-217 -219 0
-217 -220 0
-217 -221 0
-217 -222 0
-217 -223 0
-217 -224 0
-217 -225 0
-217 -226 0
-217 -227 0
-217 -228 0
-217 -229 0
-217 -230 0
-217 -231 0
-217 -232 0
-217 -233 0
-217 -234 0
-217 -235 0
-217 -236 0
-217 -237 0
-217 -238 0
-217 -239 0
-217 -240 0
-217 -241 0
-217 -242 0
-217 -243 0
-217 -244 0
-217 -245 0
-217 -246 0
-217 -247 0
-217 -248 0
-217 -249 0
-217 -250 0
-217 -251 0
-217 -252 0
-218 -219 0
-218 -220 0
-218 -221 0
-218 -222 0
-218 -223 0
-218 -224 0
-218 -225 0
-218 -226 0
-218 -227 0
-218 -228 0
-218 -229 0
-218 -230 0
-218 -231 0
-218 -232 0
-218 -233 0
-218 -234 0
-218 -235 0
-218 -236 0
-218 -237 0
-218 -238 0
-218 -239 0
-218 -240 0
-218 -241 0
-218 -242 0
-218 -243 0
-218 -244 0
-218 -245 0
-218 -246 0
-218 -247 0
-218 -248 0
-218 -249 0
-218 -250 0
-218 -251 0
-218 -252 0
-219 -220 0
-219 -221 0
-219 -222 0
-219 -223 0
-219 -224 0
-219 -225 0
-219 -226 0
-219 -227 0
-219 -228 0
-219 -229 0
-219 -230 0
-219 -231 0
-219 -232 0
-219 -233 0
-219 -234 0
-219 -235 0
-219 -236 0
-219 -237 0
-219 -238 0
-219 -239 0
-219 -240 0
-219 -241 0
-219 -242 0
-219 -243 0
-219 -244 0
-219 -245 0
-219 -246 0
-219 -247 0
-219 -248 0
-219 -249 0
-219 -250 0
-219 -251 0
-219 -252 0
-220 -221 0
-220 -222 0
-220 -223 0
-220 -224 0
-220 -225 0
-220 -226 0
-220 -227 0
-220 -228 0
-220 -229 0
-220 -230 0
-220 -231 0
-220 -232 0
-220 -233 0
-220 -234 0
-220 -235 0
-220 -236 0
-220 -237 0
-220 -238 0
-220 -239 0
-220 -240 0
-220 -241 0
-220 -242 0
-220 -243 0
-220 -244 0
-220 -245 0
-220 -246 0
-220 -247 0
-220 -248 0
-220 -249 0
-220 -250 0
-220 -251 0
-220 -252 0
-221 -222 0
-221 -223 0
-221 -224 0
-221 -225 0
-221 -226 0
-221 -227 0
-221 -228 0
-221 -229 0
-221 -230 0
-221 -231 0
-221 -232 0
-221 -233 0
-221 -234 0
-221 -235 0
-221 -236 0
-221 -237 0
-221 -238 0
-221 -239 0
-221 -240 0
-221 -241 0
-221 -242 0
-221 -243 0
-221 -244 0
-221 -245 0
-221 -246 0
-221 -247 0
-221 -248 0
-221 -249 0
-221 -250 0
-221 -251 0
-221 -252 0
-222 -223 0
-222 -224 0
-222 -225 0
-222 -226 0
-222 -227 0
-222 -228 0
-222 -229 0
-222 -230 0
-222 -231 0
-222 -232 0
-222 -233 0
-222 -234 0
-222 -235 0
-222 -236 0
-222 -237 0
-222 -238 0
-222 -239 0
-222 -240 0
-222 -241 0
-222 -242 0
-222 -243 0
-222 -244 0
-222 -245 0
-222 -246 0
-222 -247 0
-222 -248 0
-222 -249 0
-222 -250 0
-222 -251 0
-222 -252 0
-223 -224 0
-223 -225 0
-223 -226 0
-223 -227 0
-223 -228 0
-223 -229 0
-223 -230 0
-223 -231 0
-223 -232 0
-223 -233 0
-223 -234 0
-223 -235 0
-223 -236 0
-223 -237 0
-223 -238 0
-223 -239 0
-223 -240 0
-223 -241 0
-223 -242 0
-223 -243 0
-223 -244 0
-223 -245 0
-223 -246 0
-223 -247 0
-223 -248 0
-223 -249 0
-223 -250 0
-223 -251 0
-223 -252 0
-224 -225 0
-224 -226 0
-224 -227 0
-224 -228 0
-224 -229 0
-224 -230 0
-224 -231 0
-224 -232 0
-224 -233 0
-224 -234 0
-224 -235 0
-224 -236 0
-224 -237 0
-224 -238 0
-224 -239 0
-224 -240 0
-224 -241 0
-224 -242 0
-224 -243 0
-224 -244 0
-224 -245 0
-224 -246 0
-224 -247 0
-224 -248 0
-224 -249 0
-224 -250 0
-224 -251 0
-224 -252 0
-225 -226 0
-225 -227 0
-225 -228 0
-225 -229 0
-225 -230 0
-225 -231 0
-225 -232 0
-225 -233 0
-225 -234 0
-225 -235 0
-225 -236 0
-225 -237 0
-225 -238 0
-225 -239 0
-225 -240 0
-225 -241 0
-225 -242 0
-225 -243 0
-225 -244 0
-225 -245 0
-225 -246 0
-225 -247 0
-225 -248 0
-225 -249 0
-225 -250 0
-225 -251 0
-225 -252 0
-226 -227 0
-226 -228 0
-226 -229 0
-226 -230 0
-226 -231 0
-226 -232 0
-226 -233 0
-226 -234 0
-226 -235 0
-226 -236 0
-226 -237 0
-226 -238 0
-226 -239 0
-226 -240 0
-226 -241 0
-226 -242 0
-226 -243 0
-226 -244 0
-226 -245 0
-226 -246 0
-226 -247 0
-226 -248 0
-226 -249 0
-226 -250 0
-226 -251 0
-226 -252 0
-227 -228 0
-227 -229 0
-227 -230 0
-227 -231 0
-227 -232 0
-227 -233 0
-227 -234 0
-227 -235 0
-227 -236 0
-227 -237 0
-227 -238 0
-227 -239 0
-227 -240 0
-227 -241 0
-227 -242 0
-227 -243 0
-227 -244 0
-227 -245 0
-227 -246 0
-227 -247 0
-227 -248 0
-227 -249 0
-227 -250 0
-227 -251 0
-227 -252 0
-228 -229 0
-228 -230 0
-228 -231 0
-228 -232 0
-228 -233 0
-228 -234 0
-228 -235 0
-228 -236 0
-228 -237 0
-228 -238 0
-228 -239 0
-228 -240 0
-228 -241 0
-228 -242 0
-228 -243 0
-228 -244 0
-228 -245 0
-228 -246 0
-228 -247 0
-228 -248 0
-228 -249 0
-228 -250 0
-228 -251 0
-228 -252 0
-229 -230 0
-229 -231 0
-229 -232 0
-229 -233 0
-229 -234 0
-229 -235 0
-229 -236 0
-229 -237 0
-229 -238 0
-229 -239 0
-229 -240 0
-229 -241 0
-229 -242 0
-229 -243 0
-229 -244 0
-229 -245 0
-229 -246 0
-229 -247 0
-229 -248 0
-229 -249 0
-229 -250 0
-229 -251 0
-229 -252 0
-230 -231 0
-230 -232 0
-230 -233 0
-230 -234 0
-230 -235 0
-230 -236 0
-230 -237 0
-230 -238 0
-230 -239 0
-230 -240 0
-230 -241 0
-230 -242 0
-230 -243 0
-230 -244 0
-230 -245 0
-230 -246 0
-230 -247 0
-230 -248 0
-230 -249 0
-230 -250 0
-230 -251 0
-230 -252 0
-231 -232 0
-231 -233 0
-231 -234 0
-231 -235 0
-231 -236 0
-231 -237 0
-231 -238 0
-231 -239 0
-231 -240 0
-231 -241 0
-231 -242 0
-231 -243 0
-231 -244 0
-231 -245 0
-231 -246 0
-231 -247 0
-231 -248 0
-231 -249 0
-231 -250 0
-231 -251 0
-231 -252 0
-232 -233 0
-232 -234 0
-232 -235 0
-232 -236 0
-232 -237 0
-232 -238 0
-232 -239 0
-232 -240 0
-232 -241 0
-232 -242 0
-232 -243 0
-232 -244 0
-232 -245 0
-232 -246 0
-232 -247 0
-232 -248 0
-232 -249 0
-232 -250 0
-232 -251 0
-232 -252 0
-233 -234 0
-233 -235 0
-233 -236 0
-233 -237 0
-233 -238 0
-233 -239 0
-233 -240 0
-233 -241 0
-233 -242 0
-233 -243 0
-233 -244 0
-233 -245 0
-233 -246 0
-233 -247 0
-233 -248 0
-233 -249 0
-233 -250 0
-233 -251 0
-233 -252 0
-234 -235 0
-234 -236 0
-234 -237 0
-234 -238 0
-234 -239 0
-234 -240 0
-234 -241 0
-234 -242 0
-234 -243 0
-234 -244 0
-234 -245 0
-234 -246 0
-234 -247 0
-234 -248 0
-234 -249 0
-234 -250 0
-234 -251 0
-234 -252 0
-235 -236 0
-235 -237 0
-235 -238 0
-235 -239 0
-235 -240 0
-235 -241 0
-235 -242 0
-235 -243 0
-235 -244 0
-235 -245 0
-235 -246 0
-235 -247 0
-235 -248 0
-235 -249 0
-235 -250 0
-235 -251 0
-235 -252 0
-236 -237 0
-236 -238 0
-236 -239 0
-236 -240 0
-236 -241 0
-236 -242 0
-236 -243 0
-236 -244 0
-236 -245 0
-236 -246 0
-236 -247 0
-236 -248 0
-236 -249 0
-236 -250 0
-236 -251 0
-236 -252 0
-237 -238 0
-237 -239 0
-237 -240 0
-237 -241 0
-237 -242 0
-237 -243 0
-237 -244 0
-237 -245 0
-237 -246 0
-237 -247 0
-237 -248 0
-237 -249 0
-237 -250 0
-237 -251 0
-237 -252 0
-238 -239 0
-238 -240 0
-238 -241 0
-238 -242 0
-238 -243 0
-238 -244 0
-238 -245 0
-238 -246 0
-238 -247 0
-238 -248 0
-238 -249 0
-238 -250 0
-238 -251 0
-238 -252 0
-239 -240 0
-239 -241 0
-239 -242 0
-239 -243 0
-239 -244 0
-239 -245 0
-239 -246 0
-239 -247 0
-239 -248 0
-239 -249 0
-239 -250 0
-239 -251 0
-239 -252 0
-240 -241 0
-240 -242 0
-240 -243 0
-240 -244 0
-240 -245 0
-240 -246 0
-240 -247 0
-240 -248 0
-240 -249 0
-240 -250 0
-240 -251 0
-240 -252 0
-241 -242 0
-241 -243 0
-241 -244 0
-241 -245 0
-241 -246 0
-241 -247 0
-241 -248 0
-241 -249 0
-241 -250 0
-241 -251 0
-241 -252 0
-242 -243 0
-242 -244 0
-242 -245 0
-242 -246 0
-242 -247 0
-242 -248 0
-242 -249 0
-242 -250 0
-242 -251 0
-242 -252 0
-243 -244 0
-243 -245 0
-243 -246 0
-243 -247 0
-243 -248 0
-243 -249 0
-243 -250 0
-243 -251 0
-243 -252 0
-244 -245 0
-244 -246 0
-244 -247 0
-244 -248 0
-244 -249 0
-244 -250 0
-244 -251 0
-244 -252 0
-245 -246 0
-245 -247 0
-245 -248 0
-245 -249 0
-245 -250 0
-245 -251 0
-245 -252 0
-246 -247 0
-246 -248 0
-246 -249 0
-246 -250 0
-246 -251 0
-246 -252 0
-247 -248 0
-247 -249 0
-247 -250 0
-247 -251 0
-247 -252 0
-248 -249 0
-248 -250 0
-248 -251 0
-248 -252 0
-249 -250 0
-249 -251 0
-249 -252 0
-250 -251 0
-250 -252 0
-251 -252 0
-253 -254 0
-253 -255 0
-253 -256 0
-253 -257 0
-253 -258 0
-253 -259 0
-253 -260 0
-253 -261 0
-253 -262 0
-253 -263 0
-253 -264 0
-253 -265 0
-253 -266 0
-253 -267 0
-253 -268 0
-253 -269 0
-253 -270 0
-253 -271 0
-253 -272 0
-253 -273 0
-253 -274 0
-253 -275 0
-253 -276 0
-253 -277 0
-253 -278 0
-253 -279 0
-253 -280 0
-253 -281 0
-253 -282 0
-253 -283 0
-253 -284 0
-253 -285 0
-254 -255 0
-254 -256 0
-254 -257 0
-254 -258 0
-254 -259 0
-254 -260 0
-254 -261 0
-254 -262 0
-254 -263 0
-254 -264 0
-254 -265 0
-254 -266 0
-254 -267 0
-254 -268 0
-254 -269 0
-254 -270 0
-254 -271 0
-254 -272 0
-254 -273 0
-254 -274 0
-254 -275 0
-254 -276 0
-254 -277 0
-254 -278 0
-254 -279 0
-254 -280 0
-254 -281 0
-254 -282 0
-254 -283 0
-254 -284 0
-254 -285 0
-255 -256 0
-255 -257 0
-255 -258 0
-255 -259 0
-255 -260 0
-255 -261 0
-255 -262 0
-255 -263 0
-255 -264 0
-255 -265 0
-255 -266 0
-255 -267 0
-255 -268 0
-255 -269 0
-255 -270 0
-255 -271 0
-255 -272 0
-255 -273 0
-255 -274 0
-255 -275 0
-255 -276 0
-255 -277 0
-255 -278 0
-255 -279 0
-255 -280 0
-255 -281 0
-255 -282 0
-255 -283 0
-255 -284 0
-255 -285 0
-256 -257 0
-256 -258 0
-256 -259 0
-256 -260 0
-256 -261 0
-256 -262 0
-256 -263 0
-256 -264 0
-256 -265 0
-256 -266 0
-256 -267 0
-256 -268 0
-256 -269 0
-256 -270 0
-256 -271 0
-256 -272 0
-256 -273 0
-256 -274 0
-256 -275 0
-256 -276 0
-256 -277 0
-256 -278 0
-256 -279 0
-256 -280 0
-256 -281 0
-256 -282 0
-256 -283 0
-256 -284 0
-256 -285 0
-257 -258 0
-257 -259 0
-257 -260 0
-257 -261 0
-257 -262 0
-257 -263 0
-257 -264 0
-257 -265 0
-257 -266 0
-257 -267 0
-257 -268 0
-257 -269 0
-257 -270 0
-257 -271 0
-257 -272 0
-257 -273 0
-257 -274 0
-257 -275 0
-257 -276 0
-257 -277 0
-257 -278 0
-257 -279 0
-257 -280 0
-257 -281 0
-257 -282 0
-257 -283 0
-257 -284 0
-257 -285 0
-258 -259 0
-258 -260 0
-258 -261 0
-258 -262 0
-258 -263 0
-258 -264 0
-258 -265 0
-258 -266 0
-258 -267 0
-258 -268 0
-258 -269 0
-258 -270 0
-258 -271 0
-258 -272 0
-258 -273 0
-258 -274 0
-258 -275 0
-258 -276 0
-258 -277 0
-258 -278 0
-258 -279 0
-258 -280 0
-258 -281 0
-258 -282 0
-258 -283 0
-258 -284 0
-258 -285 0
-259 -260 0
-259 -261 0
-259 -262 0
-259 -263 0
-259 -264 0
-259 -265 0
-259 -266 0
-259 -267 0
-259 -268 0
-259 -269 0
-259 -270 0
-259 -271 0
-259 -272 0
-259 -273 0
-259 -274 0
-259 -275 0
-259 -276 0
-259 -277 0
-259 -278 0
-259 -279 0
-259 -280 0
-259 -281 0
-259 -282 0
-259 -283 0
-259 -284 0
-259 -285 0
-260 -261 0
-260 -262 0
-260 -263 0
-260 -264 0
-260 -265 0
-260 -266 0
-260 -267 0
-260 -268 0
-260 -269 0
-260 -270 0
-260 -271 0
-260 -272 0
-260 -273 0
-260 -274 0
-260 -275 0
-260 -276 0
-260 -277 0
-260 -278 0
-260 -279 0
-260 -280 0
-260 -281 0
-260 -282 0
-260 -283 0
-260 -284 0
-260 -285 0
-261 -262 0
-261 -263 0
-261 -264 0
-261 -265 0
-261 -266 0
-261 -267 0
-261 -268 0
-261 -269 0
-261 -270 0
-261 -271 0
-261 -272 0
-261 -273 0
-261 -274 0
-261 -275 0
-261 -276 0
-261 -277 0
-261 -278 0
-261 -279 0
-261 -280 0
-261 -281 0
-261 -282 0
-261 -283 0
-261 -284 0
-261 -285 0
-262 -263 0
-262 -264 0
-262 -265 0
-262 -266 0
-262 -267 0
-262 -268 0
-262 -269 0
-262 -270 0
-262 -271 0
-262 -272 0
-262 -273 0
-262 -274 0
-262 -275 0
-262 -276 0
-262 -277 0
-262 -278 0
-262 -279 0
-262 -280 0
-262 -281 0
-262 -282 0
-262 -283 0
-262 -284 0
-262 -285 0
-263 -264 0
-263 -265 0
-263 -266 0
-263 -267 0
-263 -268 0
-263 -269 0
-263 -270 0
-263 -271 0
-263 -272 0
-263 -273 0
-263 -274 0
-263 -275 0
-263 -276 0
-263 -277 0
-263 -278 0
-263 -279 0
-263 -280 0
-263 -281 0
-263 -282 0
-263 -283 0
-263 -284 0
-263 -285 0
-264 -265 0
-264 -266 0
-264 -267 0
-264 -268 0
-264 -269 0
-264 -270 0
-264 -271 0
-264 -272 0
-264 -273 0
-264 -274 0
-264 -275 0
-264 -276 0
-264 -277 0
-264 -278 0
-264 -279 0
-264 -280 0
-264 -281 0
-264 -282 0
-264 -283 0
-264 -284 0
-264 -285 0
-265 -266 0
-265 -267 0
-265 -268 0
-265 -269 0
-265 -270 0
-265 -271 0
-265 -272 0
-265 -273 0
-265 -274 0
-265 -275 0
-265 -276 0
-265 -277 0
-265 -278 0
-265 -279 0
-265 -280 0
-265 -281 0
-265 -282 0
-265 -283 0
-265 -284 0
-265 -285 0
-266 -267 0
-266 -268 0
-266 -269 0
-266 -270 0
-266 -271 0
-266 -272 0
-266 -273 0
-266 -274 0
-266 -275 0
-266 -276 0
-266 -277 0
-266 -278 0
-266 -279 0
-266 -280 0
-266 -281 0
-266 -282 0
-266 -283 0
-266 -284 0
-266 -285 0
-267 -268 0
-267 -269 0
-267 -270 0
-267 -271 0
-267 -272 0
-267 -273 0
-267 -274 0
-267 -275 0
-267 -276 0
-267 -277 0
-267 -278 0
-267 -279 0
-267 -280 0
-267 -281 0
-267 -282 0
-267 -283 0
-267 -284 0
-267 -285 0
-268 -269 0
-268 -270 0
-268 -271 0
-268 -272 0
-268 -273 0
-268 -274 0
-268 -275 0
-268 -276 0
-268 -277 0
-268 -278 0
-268 -279 0
-268 -280 0
-268 -281 0
-268 -282 0
-268 -283 0
-268 -284 0
-268 -285 0
-269 -270 0
-269 -271 0
-269 -272 0
-269 -273 0
-269 -274 0
-269 -275 0
-269 -276 0
-269 -277 0
-269 -278 0
-269 -279 0
-269 -280 0
-269 -281 0
-269 -282 0
-269 -283 0
-269 -284 0
-269 -285 0
-270 -271 0
-270 -272 0
-270 -273 0
-270 -274 0
-270 -275 0
-270 -276 0
-270 -277 0
-270 -278 0
-270 -279 0
-270 -280 0
-270 -281 0
-270 -282 0
-270 -283 0
-270 -284 0
-270 -285 0
-271 -272 0
-271 -273 0
-271 -274 0
-271 -275 0
-271 -276 0
-271 -277 0
-271 -278 0
-271 -279 0
-271 -280 0
-271 -281 0
-271 -282 0
-271 -283 0
-271 -284 0
-271 -285 0
-272 -273 0
-272 -274 0
-272 -275 0
-272 -276 0
-272 -277 0
-272 -278 0
-272 -279 0
-272 -280 0
-272 -281 0
-272 -282 0
-272 -283 0
-272 -284 0
-272 -285 0
-273 -274 0
-273 -275 0
-273 -276 0
-273 -277 0
-273 -278 0
-273 -279 0
-273 -280 0
-273 -281 0
-273 -282 0
-273 -283 0
-273 -284 0
-273 -285 0
-274 -275 0
-274 -276 0
-274 -277 0
-274 -278 0
-274 -279 0
-274 -280 0
-274 -281 0
-274 -282 0
-274 -283 0
-274 -284 0
-274 -285 0
-275 -276 0
-275 -277 0
-275 -278 0
-275 -279 0
-275 -280 0
-275 -281 0
-275 -282 0
-275 -283 0
-275 -284 0
-275 -285 0
-276 -277 0
-276 -278 0
-276 -279 0
-276 -280 0
-276 -281 0
-276 -282 0
-276 -283 0
-276 -284 0
-276 -285 0
-277 -278 0
-277 -279 0
-277 -280 0
-277 -281 0
-277 -282 0
-277 -283 0
-277 -284 0
-277 -285 0
-278 -279 0
-278 -280 0
-278 -281 0
-278 -282 0
-278 -283 0
-278 -284 0
-278 -285 0
-279 -280 0
-279 -281 0
-279 -282 0
-279 -283 0
-279 -284 0
-279 -285 0
-280 -281 0
-280 -282 0
-280 -283 0
-280 -284 0
-280 -285 0
-281 -282 0
-281 -283 0
-281 -284 0
-281 -285 0
-282 -283 0
-282 -284 0
-282 -285 0
-283 -284 0
-283 -285 0
-284 -285 0
-286 -287 0
-286 -288 0
-286 -289 0
-286 -290 0
-286 -291 0
-286 -292 0
-286 -293 0
-286 -294 0
-286 -295 0
-286 -296 0
-286 -297 0
-286 -298 0
-286 -299 0
-286 -300 0
-286 -301 0
-286 -302 0
-286 -303 0
-286 -304 0
-286 -305 0
-286 -306 0
-286 -307 0
-286 -308 0
-286 -309 0
-286 -310 0
-286 -311 0
-286 -312 0
-286 -313 0
-286 -314 0
-286 -315 0
-287 -288 0
-287 -289 0
-287 -290 0
-287 -291 0
-287 -292 0
-287 -293 0
-287 -294 0
-287 -295 0
-287 -296 0
-287 -297 0
-287 -298 0
-287 -299 0
-287 -300 0
-287 -301 0
-287 -302 0
-287 -303 0
-287 -304 0
-287 -305 0
-287 -306 0
-287 -307 0
-287 -308 0
-287 -309 0
-287 -310 0
-287 -311 0
-287 -312 0
-287 -313 0
-287 -314 0
-287 -315 0
-288 -289 0
-288 -290 0
-288 -291 0
-288 -292 0
-288 -293 0
-288 -294 0
-288 -295 0
-288 -296 0
-288 -297 0
-288 -298 0
-288 -299 0
-288 -300 0
-288 -301 0
-288 -302 0
-288 -303 0
-288 -304 0
-288 -305 0
-288 -306 0
-288 -307 0
-288 -308 0
-288 -309 0
-288 -310 0
-288 -311 0
-288 -312 0
-288 -313 0
-288 -314 0
-288 -315 0
-289 -290 0
-289 -291 0
-289 -292 0
-289 -293 0
-289 -294 0
-289 -295 0
-289 -296 0
-289 -297 0
-289 -298 0
-289 -299 0
-289 -300 0
-289 -301 0
-289 -302 0
-289 -303 0
-289 -304 0
-289 -305 0
-289 -306 0
-289 -307 0
-289 -308 0
-289 -309 0
-289 -310 0
-289 -311 0
-289 -312 0
-289 -313 0
-289 -314 0
-289 -315 0
-290 -291 0
-290 -292 0
-290 -293 0
-290 -294 0
-290 -295 0
-290 -296 0
-290 -297 0
-290 -298 0
-290 -299 0
-290 -300 0
-290 -301 0
-290 -302 0
-290 -303 0
-290 -304 0
-290 -305 0
-290 -306 0
-290 -307 0
-290 -308 0
-290 -309 0
-290 -310 0
-290 -311 0
-290 -312 0
-290 -313 0
-290 -314 0
-290 -315 0
-291 -292 0
-291 -293 0
-291 -294 0
-291 -295 0
-291 -296 0
-291 -297 0
-291 -298 0
-291 -299 0
-291 -300 0
-291 -301 0
-291 -302 0
-291 -303 0
-291 -304 0
-291 -305 0
-291 -306 0
-291 -307 0
-291 -308 0
-291 -309 0
-291 -310 0
-291 -311 0
-291 -312 0
-291 -313 0
-291 -314 0
-291 -315 0
-292 -293 0
-292 -294 0
-292 -295 0
-292 -296 0
-292 -297 0
-292 -298 0
-292 -299 0
-292 -300 0
-292 -301 0
-292 -302 0
-292 -303 0
-292 -304 0
-292 -305 0
-292 -306 0
-292 -307 0
-292 -308 0
-292 -309 0
-292 -310 0
-292 -311 0
-292 -312 0
-292 -313 0
-292 -314 0
-292 -315 0
-293 -294 0
-293 -295 0
-293 -296 0
-293 -297 0
-293 -298 0
-293 -299 0
-293 -300 0
-293 -301 0
-293 -302 0
-293 -303 0
-293 -304 0
-293 -305 0
-293 -306 0
-293 -307 0
-293 -308 0
-293 -309 0
-293 -310 0
-293 -311 0
-293 -312 0
-293 -313 0
-293 -314 0
-293 -315 0
-294 -295 0
-294 -296 0
-294 -297 0
-294 -298 0
-294 -299 0
-294 -300 0
-294 -301 0
-294 -302 0
-294 -303 0
-294 -304 0
-294 -305 0
-294 -306 0
-294 -307 0
-294 -308 0
-294 -309 0
-294 -310 0
-294 -311 0
-294 -312 0
-294 -313 0
-294 -314 0
-294 -315 0
-295 -296 0
-295 -297 0
-295 -298 0
-295 -299 0
-295 -300 0
-295 -301 0
-295 -302 0
-295 -303 0
-295 -304 0
-295 -305 0
-295 -306 0
-295 -307 0
-295 -308 0
-295 -309 0
-295 -310 0
-295 -311 0
-295 -312 0
-295 -313 0
-295 -314 0
-295 -315 0
-296 -297 0
-296 -298 0
-296 -299 0
-296 -300 0
-296 -301 0
-296 -302 0
-296 -303 0
-296 -304 0
-296 -305 0
-296 -306 0
-296 -307 0
-296 -308 0
-296 -309 0
-296 -310 0
-296 -311 0
-296 -312 0
-296 -313 0
-296 -314 0
-296 -315 0
-297 -298 0
-297 -299 0
-297 -300 0
-297 -301 0
-297 -302 0
-297 -303 0
-297 -304 0
-297 -305 0
-297 -306 0
-297 -307 0
-297 -308 0
-297 -309 0
-297 -310 0
-297 -311 0
-297 -312 0
-297 -313 0
-297 -314 0
-297 -315 0
-298 -299 0
-298 -300 0
-298 -301 0
-298 -302 0
-298 -303 0
-298 -304 0
-298 -305 0
-298 -306 0
-298 -307 0
-298 -308 0
-298 -309 0
-298 -310 0
-298 -311 0
-298 -312 0
-298 -313 0
-298 -314 0
-298 -315 0
-299 -300 0
-299 -301 0
-299 -302 0
-299 -303 0
-299 -304 0
-299 -305 0
-299 -306 0
-299 -307 0
-299 -308 0
-299 -309 0
-299 -310 0
-299 -311 0
-299 -312 0
-299 -313 0
-299 -314 0
-299 -315 0
-300 -301 0
-300 -302 0
-300 -303 0
-300 -304 0
-300 -305 0
-300 -306 0
-300 -307 0
-300 -308 0
-300 -309 0
-300 -310 0
-300 -311 0
-300 -312 0
-300 -313 0
-300 -314 0
-300 -315 0
-301 -302 0
-301 -303 0
-301 -304 0
-301 -305 0
-301 -306 0
-301 -307 0
-301 -308 0
-301 -309 0
-301 -310 0
-301 -311 0
-301 -312 0
-301 -313 0
-301 -314 0
-301 -315 0
-302 -303 0
-302 -304 0
-302 -305 0
-302 -306 0
-302 -307 0
-302 -308 0
-302 -309 0
-302 -310 0
-302 -311 0
-302 -312 0
-302 -313 0
-302 -314 0
-302 -315 0
-303 -304 0
-303 -305 0
-303 -306 0
-303 -307 0
-303 -308 0
-303 -309 0
-303 -310 0
-303 -311 0
-303 -312 0
-303 -313 0
-303 -314 0
-303 -315 0
-304 -305 0
-304 -306 0
-304 -307 0
-304 -308 0
-304 -309 0
-304 -310 0
-304 -311 0
-304 -312 0
-304 -313 0
-304 -314 0
-304 -315 0
-305 -306 0
-305 -307 0
-305 -308 0
-305 -309 0
-305 -310 0
-305 -311 0
-305 -312 0
-305 -313 0
-305 -314 0
-305 -315 0
-306 -307 0
-306 -308 0
-306 -309 0
-306 -310 0
-306 -311 0
-306 -312 0
-306 -313 0
-306 -314 0
-306 -315 0
-307 -308 0
-307 -309 0
-307 -310 0
-307 -311 0
-307 -312 0
-307 -313 0
-307 -314 0
-307 -315 0
-308 -309 0
-308 -310 0
-308 -311 0
-308 -312 0
-308 -313 0
-308 -314 0
-308 -315 0
-309 -310 0
-309 -311 0
-309 -312 0
-309 -313 0
-309 -314 0
-309 -315 0
-310 -311 0
-310 -312 0
-310 -313 0
-310 -314 0
-310 -315 0
-311 -312 0
-311 -313 0
-311 -314 0
-311 -315 0
-312 -313 0
-312 -314 0
-312 -315 0
-313 -314 0
-313 -315 0
-314 -315 0
-1 316 0
-1 317 0
-1 318 0
-1 319 0
-1 320 0
-1 321 0
-1 322 0
-1 323 0
-1 324 0
-1 325 0
-2 317 0
-2 326 0
-2 319 0
-2 327 0
-2 321 0
-2 328 0
-2 329 0
-2 330 0
-2 331 0
-2 323 0
-2 332 0
-2 325 0
-2 333 0
-3 326 0
-3 334 0
-3 327 0
-3 335 0
-3 328 0
-3 336 0
-3 329 0
-3 337 0
-3 330 0
-3 338 0
-3 331 0
-3 339 0
-3 332 0
-3 340 0
-3 333 0
-3 341 0
-4 334 0
-4 342 0
-4 335 0
-4 343 0
-4 336 0
-4 344 0
-4 337 0
-4 338 0
-4 339 0
-4 340 0
-4 345 0
-4 341 0
-4 346 0
-5 342 0
-5 347 0
-5 343 0
-5 348 0
-5 344 0
-5 349 0
-5 345 0
-5 350 0
-5 346 0
-5 351 0
-6 347 0
-6 352 0
-6 348 0
-6 353 0
-6 349 0
-6 354 0
-6 355 0
-6 356 0
-6 357 0
-6 350 0
-6 358 0
-6 351 0
-6 359 0
-7 352 0
-7 360 0
-7 353 0
-7 361 0
-7 354 0
-7 362 0
-7 355 0
-7 363 0
-7 356 0
-7 364 0
-7 357 0
-7 365 0
-7 358 0
-7 366 0
-7 359 0
-7 367 0
-8 316 0
-8 317 0
-8 318 0
-8 319 0
-8 320 0
-8 321 0
-8 322 0
-8 323 0
-8 324 0
-8 325 0
-8 368 0
-8 369 0
-9 317 0
-9 326 0
-9 319 0
-9 327 0
-9 321 0
-9 328 0
-9 329 0
-9 330 0
-9 331 0
-9 323 0
-9 332 0
-9 325 0
-9 333 0
-9 369 0
-9 370 0
-10 326 0
-10 334 0
-10 327 0
-10 335 0
-10 328 0
-10 336 0
-10 329 0
-10 337 0
-10 330 0
-10 338 0
-10 331 0
-10 339 0
-10 332 0
-10 340 0
-10 333 0
-10 341 0
-10 370 0
-10 371 0
-11 334 0
-11 342 0
-11 335 0
-11 343 0
-11 336 0
-11 344 0
-11 337 0
-11 338 0
-11 339 0
-11 340 0
-11 345 0
-11 341 0
-11 346 0
-11 371 0
-11 372 0
-12 342 0
-12 347 0
-12 343 0
-12 348 0
-12 344 0
-12 349 0
-12 345 0
-12 350 0
-12 346 0
-12 351 0
-12 372 0
-12 373 0
-13 347 0
-13 352 0
-13 348 0
-13 353 0
-13 349 0
-13 354 0
-13 355 0
-13 356 0
-13 357 0
-13 350 0
-13 358 0
-13 351 0
-13 359 0
-13 373 0
-13 374 0
-14 352 0
-14 360 0
-14 353 0
-14 361 0
-14 354 0
-14 362 0
-14 355 0
-14 363 0
-14 356 0
-14 364 0
-14 357 0
-14 365 0
-14 358 0
-14 366 0
-14 359 0
-14 367 0
-14 374 0
-14 375 0
-15 318 0
-15 319 0
-15 320 0
-15 321 0
-15 322 0
-15 323 0
-15 324 0
-15 325 0
-15 368 0
-15 369 0
-16 319 0
-16 327 0
-16 321 0
-16 328 0
-16 329 0
-16 330 0
-16 331 0
-16 323 0
-16 332 0
-16 325 0
-16 333 0
-16 369 0
-16 370 0
-17 327 0
-17 335 0
-17 328 0
-17 336 0
-17 329 0
-17 337 0
-17 330 0
-17 338 0
-17 331 0
-17 339 0
-17 332 0
-17 340 0
-17 333 0
-17 341 0
-17 370 0
-17 371 0
-18 335 0
-18 343 0
-18 336 0
-18 344 0
-18 337 0
-18 338 0
-18 339 0
-18 340 0
-18 345 0
-18 341 0
-18 346 0
-18 371 0
-18 372 0
-19 343 0
-19 348 0
-19 344 0
-19 349 0
-19 345 0
-19 350 0
-19 346 0
-19 351 0
-19 372 0
-19 373 0
-20 348 0
-20 353 0
-20 349 0
-20 354 0
-20 355 0
-20 356 0
-20 357 0
-20 350 0
-20 358 0
-20 351 0
-20 359 0
-20 373 0
-20 374 0
-21 353 0
-21 361 0
-21 354 0
-21 362 0
-21 355 0
-21 363 0
-21 356 0
-21 364 0
-21 357 0
-21 365 0
-21 358 0
-21 366 0
-21 359 0
-21 367 0
-21 374 0
-21 375 0
-22 376 0
-22 377 0
-22 378 0
-22 379 0
-22 380 0
-22 381 0
-22 382 0
-22 383 0
-22 384 0
-22 385 0
-22 386 0
-22 387 0
-23 377 0
-23 378 0
-23 379 0
-23 380 0
-23 381 0
-23 388 0
-23 383 0
-23 384 0
-23 385 0
-23 386 0
-23 387 0
-23 389 0
-24 378 0
-24 379 0
-24 380 0
-24 381 0
-24 388 0
-24 390 0
-24 384 0
-24 385 0
-24 386 0
-24 387 0
-24 389 0
-24 391 0
-25 376 0
-25 377 0
-25 378 0
-25 379 0
-25 380 0
-25 381 0
-25 382 0
-25 383 0
-25 384 0
-25 385 0
-25 386 0
-25 387 0
-25 392 0
-25 393 0
-25 394 0
-25 395 0
-25 396 0
-25 397 0
-26 377 0
-26 378 0
-26 379 0
-26 380 0
-26 381 0
-26 388 0
-26 383 0
-26 384 0
-26 385 0
-26 386 0
-26 387 0
-26 389 0
-26 393 0
-26 394 0
-26 395 0
-26 396 0
-26 397 0
-26 398 0
-27 378 0
-27 379 0
-27 380 0
-27 381 0
-27 388 0
-27 390 0
-27 384 0
-27 385 0
-27 386 0
-27 387 0
-27 389 0
-27 391 0
-27 394 0
-27 395 0
-27 396 0
-27 397 0
-27 398 0
-27 399 0
-28 382 0
-28 383 0
-28 384 0
-28 385 0
-28 386 0
-28 387 0
-28 392 0
-28 393 0
-28 394 0
-28 395 0
-28 396 0
-28 397 0
-28 400 0
-28 401 0
-29 383 0
-29 384 0
-29 385 0
-29 386 0
-29 387 0
-29 389 0
-29 393 0
-29 394 0
-29 395 0
-29 396 0
-29 397 0
-29 398 0
-29 400 0
-29 401 0
-29 402 0
-30 384 0
-30 385 0
-30 386 0
-30 387 0
-30 389 0
-30 391 0
-30 394 0
-30 395 0
-30 396 0
-30 397 0
-30 398 0
-30 399 0
-30 400 0
-30 401 0
-30 402 0
-30 403 0
-31 392 0
-31 393 0
-31 394 0
-31 395 0
-31 396 0
-31 397 0
-31 400 0
-31 401 0
-31 404 0
-31 405 0
-32 393 0
-32 394 0
-32 395 0
-32 396 0
-32 397 0
-32 398 0
-32 400 0
-32 401 0
-32 402 0
-32 404 0
-32 405 0
-32 406 0
-33 394 0
-33 395 0
-33 396 0
-33 397 0
-33 398 0
-33 399 0
-33 400 0
-33 401 0
-33 402 0
-33 403 0
-33 404 0
-33 405 0
-33 406 0
-33 407 0
-34 400 0
-34 401 0
-34 404 0
-34 405 0
-34 408 0
-34 409 0
-35 400 0
-35 401 0
-35 402 0
-35 404 0
-35 405 0
-35 406 0
-35 408 0
-35 409 0
-35 410 0
-36 400 0
-36 401 0
-36 402 0
-36 403 0
-36 404 0
-36 405 0
-36 406 0
-36 407 0
-36 408 0
-36 409 0
-36 410 0
-36 411 0
-37 404 0
-37 405 0
-37 408 0
-37 409 0
-37 412 0
-37 413 0
-37 414 0
-37 415 0
-37 416 0
-37 417 0
-38 404 0
-38 405 0
-38 406 0
-38 408 0
-38 409 0
-38 410 0
-38 413 0
-38 414 0
-38 415 0
-38 416 0
-38 417 0
-38 418 0
-39 404 0
-39 405 0
-39 406 0
-39 407 0
-39 408 0
-39 409 0
-39 410 0
-39 411 0
-39 414 0
-39 415 0
-39 416 0
-39 417 0
-39 418 0
-39 419 0
-40 408 0
-40 409 0
-40 412 0
-40 413 0
-40 414 0
-40 415 0
-40 416 0
-40 417 0
-40 420 0
-40 421 0
-40 422 0
-40 423 0
-40 424 0
-40 425 0
-41 408 0
-41 409 0
-41 410 0
-41 413 0
-41 414 0
-41 415 0
-41 416 0
-41 417 0
-41 418 0
-41 421 0
-41 422 0
-41 423 0
-41 424 0
-41 425 0
-41 426 0
-42 408 0
-42 409 0
-42 410 0
-42 411 0
-42 414 0
-42 415 0
-42 416 0
-42 417 0
-42 418 0
-42 419 0
-42 422 0
-42 423 0
-42 424 0
-42 425 0
-42 426 0
-42 427 0
-43 412 0
-43 413 0
-43 414 0
-43 415 0
-43 416 0
-43 417 0
-43 420 0
-43 421 0
-43 422 0
-43 423 0
-43 424 0
-43 425 0
-43 428 0
-43 429 0
-43 430 0
-43 431 0
-43 432 0
-43 433 0
-44 413 0
-44 414 0
-44 415 0
-44 416 0
-44 417 0
-44 418 0
-44 421 0
-44 422 0
-44 423 0
-44 424 0
-44 425 0
-44 426 0
-44 429 0
-44 430 0
-44 431 0
-44 432 0
-44 433 0
-44 434 0
-45 414 0
-45 415 0
-45 416 0
-45 417 0
-45 418 0
-45 419 0
-45 422 0
-45 423 0
-45 424 0
-45 425 0
-45 426 0
-45 427 0
-45 430 0
-45 431 0
-45 432 0
-45 433 0
-45 434 0
-45 435 0
-46 420 0
-46 421 0
-46 422 0
-46 423 0
-46 424 0
-46 425 0
-46 428 0
-46 429 0
-46 430 0
-46 431 0
-46 432 0
-46 433 0
-47 421 0
-47 422 0
-47 423 0
-47 424 0
-47 425 0
-47 426 0
-47 429 0
-47 430 0
-47 431 0
-47 432 0
-47 433 0
-47 434 0
-48 422 0
-48 423 0
-48 424 0
-48 425 0
-48 426 0
-48 427 0
-48 430 0
-48 431 0
-48 432 0
-48 433 0
-48 434 0
-48 435 0
-49 436 0
-49 437 0
-49 438 0
-49 439 0
-49 440 0
-49 441 0
-49 442 0
-49 443 0
-49 444 0
-49 445 0
-49 446 0
-50 437 0
-50 438 0
-50 447 0
-50 440 0
-50 441 0
-50 448 0
-50 443 0
-50 444 0
-50 449 0
-50 445 0
-50 450 0
-50 446 0
-50 451 0
-51 438 0
-51 447 0
-51 452 0
-51 441 0
-51 448 0
-51 453 0
-51 444 0
-51 449 0
-51 454 0
-51 445 0
-51 450 0
-51 446 0
-51 451 0
-52 447 0
-52 452 0
-52 455 0
-52 448 0
-52 453 0
-52 456 0
-52 449 0
-52 454 0
-52 457 0
-52 450 0
-52 451 0
-53 452 0
-53 455 0
-53 458 0
-53 453 0
-53 456 0
-53 459 0
-53 454 0
-53 457 0
-53 460 0
-53 461 0
-53 462 0
-54 455 0
-54 458 0
-54 463 0
-54 456 0
-54 459 0
-54 464 0
-54 457 0
-54 460 0
-54 465 0
-54 461 0
-54 466 0
-54 462 0
-54 467 0
-55 436 0
-55 437 0
-55 438 0
-55 439 0
-55 440 0
-55 441 0
-55 442 0
-55 443 0
-55 444 0
-55 445 0
-55 446 0
-55 468 0
-56 437 0
-56 438 0
-56 447 0
-56 440 0
-56 441 0
-56 448 0
-56 443 0
-56 444 0
-56 449 0
-56 445 0
-56 450 0
-56 446 0
-56 451 0
-56 468 0
-56 469 0
-57 438 0
-57 447 0
-57 452 0
-57 441 0
-57 448 0
-57 453 0
-57 444 0
-57 449 0
-57 454 0
-57 445 0
-57 450 0
-57 446 0
-57 451 0
-57 468 0
-57 469 0
-58 447 0
-58 452 0
-58 455 0
-58 448 0
-58 453 0
-58 456 0
-58 449 0
-58 454 0
-58 457 0
-58 450 0
-58 451 0
-58 469 0
-59 452 0
-59 455 0
-59 458 0
-59 453 0
-59 456 0
-59 459 0
-59 454 0
-59 457 0
-59 460 0
-59 461 0
-59 462 0
-59 470 0
-60 455 0
-60 458 0
-60 463 0
-60 456 0
-60 459 0
-60 464 0
-60 457 0
-60 460 0
-60 465 0
-60 461 0
-60 466 0
-60 462 0
-60 467 0
-60 470 0
-60 471 0
-61 439 0
-61 440 0
-61 441 0
-61 442 0
-61 443 0
-61 444 0
-61 445 0
-61 446 0
-61 468 0
-61 472 0
-61 473 0
-61 474 0
-62 440 0
-62 441 0
-62 448 0
-62 443 0
-62 444 0
-62 449 0
-62 445 0
-62 450 0
-62 446 0
-62 451 0
-62 468 0
-62 469 0
-62 473 0
-62 474 0
-62 475 0
-63 441 0
-63 448 0
-63 453 0
-63 444 0
-63 449 0
-63 454 0
-63 445 0
-63 450 0
-63 446 0
-63 451 0
-63 468 0
-63 469 0
-63 474 0
-63 475 0
-63 476 0
-64 448 0
-64 453 0
-64 456 0
-64 449 0
-64 454 0
-64 457 0
-64 450 0
-64 451 0
-64 469 0
-64 475 0
-64 476 0
-64 477 0
-65 453 0
-65 456 0
-65 459 0
-65 454 0
-65 457 0
-65 460 0
-65 461 0
-65 462 0
-65 470 0
-65 476 0
-65 477 0
-65 478 0
-66 456 0
-66 459 0
-66 464 0
-66 457 0
-66 460 0
-66 465 0
-66 461 0
-66 466 0
-66 462 0
-66 467 0
-66 470 0
-66 471 0
-66 477 0
-66 478 0
-66 479 0
-67 442 0
-67 443 0
-67 444 0
-67 445 0
-67 446 0
-67 468 0
-67 472 0
-67 473 0
-67 474 0
-67 480 0
-67 481 0
-67 482 0
-68 443 0
-68 444 0
-68 449 0
-68 445 0
-68 450 0
-68 446 0
-68 451 0
-68 468 0
-68 469 0
-68 473 0
-68 474 0
-68 475 0
-68 481 0
-68 482 0
-68 483 0
-69 444 0
-69 449 0
-69 454 0
-69 445 0
-69 450 0
-69 446 0
-69 451 0
-69 468 0
-69 469 0
-69 474 0
-69 475 0
-69 476 0
-69 482 0
-69 483 0
-69 484 0
-70 449 0
-70 454 0
-70 457 0
-70 450 0
-70 451 0
-70 469 0
-70 475 0
-70 476 0
-70 477 0
-70 483 0
-70 484 0
-70 485 0
-71 454 0
-71 457 0
-71 460 0
-71 461 0
-71 462 0
-71 470 0
-71 476 0
-71 477 0
-71 478 0
-71 484 0
-71 485 0
-71 486 0
-72 457 0
-72 460 0
-72 465 0
-72 461 0
-72 466 0
-72 462 0
-72 467 0
-72 470 0
-72 471 0
-72 477 0
-72 478 0
-72 479 0
-72 485 0
-72 486 0
-72 487 0
-73 445 0
-73 446 0
-73 468 0
-73 472 0
-73 473 0
-73 474 0
-73 480 0
-73 481 0
-73 482 0
-73 488 0
-73 489 0
-73 490 0
-74 445 0
-74 450 0
-74 446 0
-74 451 0
-74 468 0
-74 469 0
-74 473 0
-74 474 0
-74 475 0
-74 481 0
-74 482 0
-74 483 0
-74 489 0
-74 490 0
-74 491 0
-75 445 0
-75 450 0
-75 446 0
-75 451 0
-75 468 0
-75 469 0
-75 474 0
-75 475 0
-75 476 0
-75 482 0
-75 483 0
-75 484 0
-75 490 0
-75 491 0
-75 492 0
-76 450 0
-76 451 0
-76 469 0
-76 475 0
-76 476 0
-76 477 0
-76 483 0
-76 484 0
-76 485 0
-76 491 0
-76 492 0
-76 493 0
-77 461 0
-77 462 0
-77 470 0
-77 476 0
-77 477 0
-77 478 0
-77 484 0
-77 485 0
-77 486 0
-77 492 0
-77 493 0
-77 494 0
-78 461 0
-78 466 0
-78 462 0
-78 467 0
-78 470 0
-78 471 0
-78 477 0
-78 478 0
-78 479 0
-78 485 0
-78 486 0
-78 487 0
-78 493 0
-78 494 0
-78 495 0
-79 446 0
-79 468 0
-79 472 0
-79 473 0
-79 474 0
-79 480 0
-79 481 0
-79 482 0
-79 488 0
-79 489 0
-79 490 0
-80 446 0
-80 451 0
-80 468 0
-80 469 0
-80 473 0
-80 474 0
-80 475 0
-80 481 0
-80 482 0
-80 483 0
-80 489 0
-80 490 0
-80 491 0
-81 446 0
-81 451 0
-81 468 0
-81 469 0
-81 474 0
-81 475 0
-81 476 0
-81 482 0
-81 483 0
-81 484 0
-81 490 0
-81 491 0
-81 492 0
-82 451 0
-82 469 0
-82 475 0
-82 476 0
-82 477 0
-82 483 0
-82 484 0
-82 485 0
-82 491 0
-82 492 0
-82 493 0
-83 462 0
-83 470 0
-83 476 0
-83 477 0
-83 478 0
-83 484 0
-83 485 0
-83 486 0
-83 492 0
-83 493 0
-83 494 0
-84 462 0
-84 467 0
-84 470 0
-84 471 0
-84 477 0
-84 478 0
-84 479 0
-84 485 0
-84 486 0
-84 487 0
-84 493 0
-84 494 0
-84 495 0
-85 496 0
-85 497 0
-85 498 0
-86 497 0
-86 498 0
-86 499 0
-87 498 0
-87 499 0
-87 500 0
-88 499 0
-88 500 0
-88 501 0
-89 500 0
-89 501 0
-89 502 0
-90 501 0
-90 502 0
-90 503 0
-91 496 0
-91 497 0
-91 498 0
-91 504 0
-91 505 0
-91 506 0
-92 497 0
-92 498 0
-92 499 0
-92 505 0
-92 506 0
-92 507 0
-93 498 0
-93 499 0
-93 500 0
-93 506 0
-93 507 0
-93 508 0
-94 499 0
-94 500 0
-94 501 0
-94 507 0
-94 508 0
-94 509 0
-95 500 0
-95 501 0
-95 502 0
-95 508 0
-95 509 0
-95 510 0
-96 501 0
-96 502 0
-96 503 0
-96 509 0
-96 510 0
-96 511 0
-97 504 0
-97 505 0
-97 506 0
-97 512 0
-97 513 0
-97 514 0
-98 505 0
-98 506 0
-98 507 0
-98 513 0
-98 514 0
-98 515 0
-99 506 0
-99 507 0
-99 508 0
-99 514 0
-99 515 0
-99 516 0
-100 507 0
-100 508 0
-100 509 0
-100 515 0
-100 516 0
-100 517 0
-101 508 0
-101 509 0
-101 510 0
-101 516 0
-101 517 0
-101 518 0
-102 509 0
-102 510 0
-102 511 0
-102 517 0
-102 518 0
-102 519 0
-103 512 0
-103 513 0
-103 514 0
-103 520 0
-104 513 0
-104 514 0
-104 515 0
-104 520 0